20
-1	2	-2	3	-3	2	-4	0	-5	3	-6	0	-7	3	-8	3	-9	2	-10	2	-11	1	-12	1	-13	0	-14	2	-15	0	-16	2	-17	1	-18	0	-19	2	-20	1	
0	-1	2	-2	3	-3	2	-4	1	-5	3	-6	0	-7	3	-8	0	-9	2	-10	3	-11	1	-12	1	-13	0	-14	3	-15	0	-16	2	-17	1	-18	3	-19	2	-20	1	
1	-1	2	-2	3	-3	2	-4	0	-5	1	-6	0	-7	3	-8	3	-9	2	-10	3	-11	1	-12	1	-13	0	-14	2	-15	2	-16	2	-17	1	-18	2	-19	2	-20	1	
2	-1	0	-2	3	-3	0	-4	0	-5	3	-6	0	-7	3	-8	3	-9	2	-10	2	-11	1	-12	1	-13	0	-14	0	-15	0	-16	2	-17	1	-18	2	-19	2	-20	1	
3	-1	2	-2	3	-3	2	-4	0	-5	3	-6	0	-7	3	-8	3	-9	2	-10	2	-11	1	-12	1	-13	1	-14	2	-15	0	-16	2	-17	1	-18	0	-19	2	-20	1	
4	-1	2	-2	3	-3	3	-4	3	-5	3	-6	0	-7	2	-8	3	-9	2	-10	2	-11	2	-12	0	-13	0	-14	2	-15	0	-16	2	-17	1	-18	0	-19	2	-20	1	
5	-1	3	-2	3	-3	2	-4	3	-5	3	-6	0	-7	3	-8	3	-9	1	-10	2	-11	1	-12	1	-13	0	-14	2	-15	0	-16	0	-17	2	-18	0	-19	2	-20	2	
6	-1	2	-2	3	-3	2	-4	0	-5	3	-6	0	-7	0	-8	3	-9	2	-10	2	-11	1	-12	3	-13	0	-14	3	-15	0	-16	2	-17	1	-18	0	-19	2	-20	1	
7	-1	0	-2	3	-3	2	-4	0	-5	3	-6	0	-7	3	-8	3	-9	2	-10	2	-11	0	-12	1	-13	0	-14	2	-15	0	-16	2	-17	0	-18	0	-19	2	-20	1	
8	-1	2	-2	3	-3	2	-4	0	-5	1	-6	0	-7	0	-8	3	-9	1	-10	2	-11	1	-12	0	-13	0	-14	2	-15	0	-16	1	-17	1	-18	0	-19	0	-20	1	
9	-1	0	-2	2	-3	0	-4	0	-5	3	-6	0	-7	3	-8	3	-9	2	-10	2	-11	1	-12	1	-13	0	-14	2	-15	0	-16	2	-17	2	-18	0	-19	2	-20	1	
10	-1	2	-2	3	-3	3	-4	0	-5	3	-6	2	-7	0	-8	3	-9	2	-10	2	-11	1	-12	2	-13	0	-14	2	-15	0	-16	2	-17	3	-18	3	-19	2	-20	1	
11	-1	2	-2	3	-3	2	-4	1	-5	3	-6	0	-7	3	-8	1	-9	1	-10	2	-11	1	-12	2	-13	0	-14	2	-15	0	-16	2	-17	1	-18	0	-19	2	-20	1	
12	-1	2	-2	3	-3	2	-4	0	-5	3	-6	0	-7	2	-8	0	-9	2	-10	2	-11	3	-12	1	-13	0	-14	2	-15	0	-16	2	-17	1	-18	0	-19	2	-20	1	
13	-1	2	-2	3	-3	1	-4	3	-5	3	-6	1	-7	3	-8	3	-9	2	-10	2	-11	1	-12	1	-13	0	-14	2	-15	0	-16	2	-17	1	-18	0	-19	2	-20	1	
14	-1	3	-2	0	-3	3	-4	0	-5	3	-6	0	-7	0	-8	3	-9	2	-10	2	-11	0	-12	1	-13	0	-14	2	-15	0	-16	2	-17	1	-18	1	-19	3	-20	1	
15	-1	2	-2	3	-3	2	-4	0	-5	3	-6	3	-7	3	-8	3	-9	1	-10	2	-11	2	-12	1	-13	0	-14	2	-15	3	-16	2	-17	1	-18	0	-19	2	-20	1	
16	-1	0	-2	3	-3	2	-4	0	-5	3	-6	0	-7	2	-8	3	-9	0	-10	2	-11	1	-12	1	-13	0	-14	2	-15	3	-16	2	-17	1	-18	0	-19	1	-20	1	
17	-1	2	-2	3	-3	2	-4	1	-5	1	-6	0	-7	3	-8	1	-9	1	-10	2	-11	1	-12	1	-13	0	-14	2	-15	0	-16	3	-17	1	-18	3	-19	2	-20	1	
18	-1	2	-2	3	-3	2	-4	0	-5	3	-6	0	-7	3	-8	3	-9	2	-10	2	-11	2	-12	1	-13	0	-14	2	-15	0	-16	2	-17	0	-18	0	-19	2	-20	1	
19	-1	2	-2	3	-3	0	-4	0	-5	3	-6	0	-7	3	-8	3	-9	2	-10	2	-11	1	-12	1	-13	0	-14	2	-15	0	-16	2	-17	1	-18	0	-19	3	-20	1	
20	-1	2	-2	3	-3	2	-4	0	-5	3	-6	0	-7	3	-8	3	-9	2	-10	2	-11	1	-12	1	-13	0	-14	2	-15	1	-16	2	-17	1	-18	0	-19	2	-20	1	
21	-1	2	-2	3	-3	2	-4	3	-5	3	-6	0	-7	3	-8	0	-9	2	-10	2	-11	1	-12	1	-13	0	-14	2	-15	0	-16	2	-17	1	-18	1	-19	2	-20	1	
22	-1	2	-2	2	-3	2	-4	0	-5	3	-6	2	-7	3	-8	3	-9	2	-10	1	-11	1	-12	1	-13	0	-14	2	-15	0	-16	2	-17	1	-18	0	-19	2	-20	1	
23	-1	2	-2	2	-3	2	-4	3	-5	3	-6	2	-7	3	-8	3	-9	2	-10	2	-11	1	-12	1	-13	3	-14	2	-15	1	-16	2	-17	1	-18	0	-19	2	-20	1	
24	-1	2	-2	1	-3	2	-4	0	-5	3	-6	0	-7	3	-8	3	-9	2	-10	1	-11	1	-12	1	-13	0	-14	2	-15	0	-16	1	-17	1	-18	1	-19	0	-20	1	
25	-1	3	-2	3	-3	2	-4	0	-5	2	-6	0	-7	3	-8	1	-9	2	-10	0	-11	1	-12	1	-13	0	-14	2	-15	0	-16	2	-17	1	-18	2	-19	2	-20	1	
26	-1	2	-2	3	-3	2	-4	1	-5	3	-6	0	-7	3	-8	2	-9	2	-10	2	-11	3	-12	2	-13	0	-14	0	-15	3	-16	2	-17	3	-18	0	-19	2	-20	1	
27	-1	2	-2	3	-3	2	-4	0	-5	3	-6	0	-7	3	-8	3	-9	2	-10	2	-11	1	-12	1	-13	0	-14	1	-15	0	-16	2	-17	1	-18	0	-19	2	-20	1	
28	-1	2	-2	3	-3	2	-4	0	-5	3	-6	2	-7	3	-8	3	-9	2	-10	2	-11	1	-12	1	-13	0	-14	2	-15	3	-16	2	-17	2	-18	0	-19	2	-20	1	
29	-1	2	-2	3	-3	3	-4	0	-5	3	-6	0	-7	3	-8	3	-9	0	-10	2	-11	1	-12	1	-13	0	-14	2	-15	0	-16	2	-17	1	-18	0	-19	2	-20	1	
30	-1	2	-2	3	-3	3	-4	0	-5	3	-6	0	-7	3	-8	3	-9	2	-10	2	-11	1	-12	1	-13	0	-14	2	-15	0	-16	2	-17	1	-18	0	-19	2	-20	0	
31	-1	3	-2	3	-3	2	-4	0	-5	3	-6	0	-7	3	-8	3	-9	2	-10	2	-11	1	-12	1	-13	0	-14	2	-15	0	-16	2	-17	1	-18	0	-19	2	-20	1	
32	-1	2	-2	3	-3	2	-4	3	-5	0	-6	0	-7	3	-8	3	-9	2	-10	1	-11	1	-12	0	-13	0	-14	2	-15	3	-16	2	-17	1	-18	0	-19	0	-20	1	
33	-1	2	-2	3	-3	2	-4	0	-5	3	-6	0	-7	3	-8	3	-9	2	-10	3	-11	1	-12	1	-13	0	-14	0	-15	0	-16	2	-17	1	-18	0	-19	2	-20	1	
34	-1	2	-2	3	-3	2	-4	0	-5	3	-6	0	-7	3	-8	3	-9	2	-10	1	-11	1	-12	1	-13	0	-14	2	-15	1	-16	1	-17	1	-18	0	-19	3	-20	1	
35	-1	2	-2	3	-3	2	-4	2	-5	3	-6	0	-7	3	-8	3	-9	2	-10	2	-11	1	-12	1	-13	2	-14	2	-15	0	-16	2	-17	1	-18	0	-19	2	-20	1	
36	-1	0	-2	3	-3	2	-4	0	-5	3	-6	0	-7	3	-8	3	-9	2	-10	2	-11	1	-12	1	-13	0	-14	2	-15	1	-16	2	-17	3	-18	0	-19	2	-20	1	
37	-1	2	-2	3	-3	2	-4	3	-5	3	-6	0	-7	3	-8	3	-9	3	-10	2	-11	1	-12	2	-13	0	-14	2	-15	0	-16	2	-17	3	-18	0	-19	2	-20	1	
38	-1	2	-2	3	-3	2	-4	0	-5	3	-6	0	-7	1	-8	3	-9	2	-10	2	-11	1	-12	1	-13	0	-14	2	-15	0	-16	2	-17	1	-18	0	-19	2	-20	3	
39	-1	2	-2	3	-3	2	-4	0	-5	3	-6	0	-7	3	-8	3	-9	3	-10	2	-11	0	-12	3	-13	0	-14	2	-15	0	-16	2	-17	3	-18	3	-19	2	-20	1	
40	-1	2	-2	3	-3	2	-4	2	-5	3	-6	0	-7	3	-8	3	-9	2	-10	2	-11	1	-12	1	-13	0	-14	2	-15	0	-16	2	-17	1	-18	0	-19	2	-20	1	
41	-1	1	-2	3	-3	2	-4	0	-5	3	-6	0	-7	3	-8	3	-9	2	-10	2	-11	1	-12	1	-13	0	-14	2	-15	0	-16	2	-17	0	-18	0	-19	2	-20	1	
42	-1	0	-2	3	-3	0	-4	0	-5	3	-6	0	-7	3	-8	3	-9	0	-10	2	-11	1	-12	1	-13	3	-14	2	-15	0	-16	0	-17	1	-18	0	-19	2	-20	2	
43	-1	2	-2	3	-3	2	-4	1	-5	3	-6	0	-7	3	-8	3	-9	1	-10	2	-11	1	-12	0	-13	0	-14	2	-15	0	-16	2	-17	1	-18	1	-19	2	-20	1	
44	-1	2	-2	0	-3	2	-4	0	-5	3	-6	0	-7	3	-8	2	-9	2	-10	2	-11	1	-12	2	-13	2	-14	0	-15	3	-16	2	-17	1	-18	0	-19	2	-20	1	
45	-1	2	-2	3	-3	2	-4	0	-5	2	-6	3	-7	3	-8	3	-9	2	-10	2	-11	1	-12	1	-13	3	-14	2	-15	0	-16	1	-17	3	-18	0	-19	1	-20	1	
46	-1	3	-2	3	-3	2	-4	3	-5	3	-6	0	-7	3	-8	3	-9	2	-10	1	-11	1	-12	1	-13	2	-14	2	-15	0	-16	0	-17	1	-18	0	-19	3	-20	1	
47	-1	2	-2	3	-3	2	-4	0	-5	3	-6	0	-7	3	-8	3	-9	2	-10	2	-11	3	-12	1	-13	0	-14	2	-15	0	-16	2	-17	1	-18	0	-19	2	-20	1	
48	-1	2	-2	3	-3	2	-4	0	-5	2	-6	0	-7	3	-8	1	-9	2	-10	2	-11	1	-12	2	-13	0	-14	2	-15	0	-16	2	-17	1	-18	0	-19	2	-20	1	
49	-1	2	-2	3	-3	1	-4	0	-5	3	-6	1	-7	3	-8	3	-9	2	-10	2	-11	1	-12	1	-13	0	-14	1	-15	0	-16	2	-17	3	-18	0	-19	2	-20	0	
50	-1	2	-2	3	-3	2	-4	0	-5	2	-6	0	-7	3	-8	0	-9	2	-10	2	-11	1	-12	1	-13	0	-14	2	-15	0	-16	1	-17	1	-18	0	-19	2	-20	1	
51	-1	0	-2	3	-3	2	-4	3	-5	3	-6	0	-7	0	-8	3	-9	2	-10	3	-11	1	-12	1	-13	0	-14	2	-15	0	-16	3	-17	0	-18	2	-19	0	-20	1	
52	-1	2	-2	3	-3	1	-4	1	-5	3	-6	0	-7	3	-8	3	-9	2	-10	0	-11	2	-12	2	-13	0	-14	2	-15	0	-16	2	-17	3	-18	0	-19	2	-20	1	
53	-1	3	-2	3	-3	2	-4	0	-5	0	-6	0	-7	3	-8	3	-9	2	-10	2	-11	1	-12	0	-13	0	-14	2	-15	1	-16	2	-17	1	-18	0	-19	2	-20	1	
54	-1	2	-2	3	-3	2	-4	3	-5	3	-6	2	-7	3	-8	3	-9	1	-10	2	-11	1	-12	1	-13	2	-14	1	-15	0	-16	2	-17	1	-18	3	-19	2	-20	0	
55	-1	0	-2	3	-3	2	-4	1	-5	2	-6	0	-7	3	-8	2	-9	2	-10	3	-11	1	-12	1	-13	2	-14	2	-15	0	-16	2	-17	1	-18	0	-19	3	-20	3	
56	-1	2	-2	3	-3	2	-4	0	-5	3	-6	0	-7	3	-8	3	-9	2	-10	2	-11	1	-12	1	-13	2	-14	2	-15	0	-16	2	-17	1	-18	0	-19	2	-20	1	
57	-1	2	-2	3	-3	2	-4	0	-5	3	-6	0	-7	3	-8	3	-9	2	-10	2	-11	2	-12	1	-13	3	-14	2	-15	0	-16	2	-17	2	-18	0	-19	2	-20	1	
58	-1	2	-2	3	-3	2	-4	0	-5	3	-6	0	-7	3	-8	3	-9	2	-10	2	-11	1	-12	1	-13	0	-14	0	-15	0	-16	0	-17	2	-18	0	-19	2	-20	1	
59	-1	2	-2	3	-3	2	-4	0	-5	3	-6	0	-7	3	-8	3	-9	2	-10	2	-11	0	-12	1	-13	0	-14	2	-15	0	-16	1	-17	1	-18	0	-19	0	-20	1	
60	-1	2	-2	1	-3	2	-4	2	-5	3	-6	0	-7	3	-8	3	-9	2	-10	1	-11	1	-12	1	-13	0	-14	3	-15	0	-16	3	-17	1	-18	0	-19	2	-20	1	
61	-1	2	-2	3	-3	2	-4	0	-5	3	-6	1	-7	3	-8	3	-9	2	-10	0	-11	1	-12	1	-13	0	-14	2	-15	0	-16	2	-17	1	-18	0	-19	2	-20	2	
62	-1	2	-2	3	-3	2	-4	1	-5	3	-6	0	-7	3	-8	3	-9	3	-10	2	-11	1	-12	1	-13	0	-14	2	-15	0	-16	2	-17	0	-18	0	-19	2	-20	1	
63	-1	2	-2	3	-3	2	-4	3	-5	3	-6	2	-7	3	-8	2	-9	2	-10	2	-11	1	-12	1	-13	0	-14	2	-15	0	-16	2	-17	1	-18	0	-19	2	-20	0	
64	-1	2	-2	1	-3	2	-4	0	-5	3	-6	0	-7	3	-8	3	-9	2	-10	2	-11	0	-12	1	-13	0	-14	2	-15	0	-16	2	-17	0	-18	0	-19	1	-20	1	
65	-1	2	-2	3	-3	2	-4	0	-5	3	-6	0	-7	3	-8	3	-9	2	-10	2	-11	1	-12	1	-13	0	-14	2	-15	0	-16	2	-17	1	-18	0	-19	2	-20	1	
66	-1	0	-2	3	-3	2	-4	0	-5	2	-6	0	-7	3	-8	3	-9	3	-10	2	-11	3	-12	1	-13	0	-14	2	-15	0	-16	0	-17	1	-18	0	-19	2	-20	2	
67	-1	2	-2	3	-3	2	-4	0	-5	3	-6	0	-7	0	-8	3	-9	2	-10	2	-11	0	-12	0	-13	0	-14	2	-15	0	-16	2	-17	1	-18	0	-19	2	-20	3	
68	-1	2	-2	3	-3	2	-4	0	-5	3	-6	2	-7	3	-8	3	-9	2	-10	0	-11	1	-12	1	-13	0	-14	2	-15	0	-16	2	-17	1	-18	0	-19	2	-20	1	
69	-1	2	-2	3	-3	1	-4	0	-5	3	-6	1	-7	3	-8	3	-9	2	-10	2	-11	2	-12	1	-13	0	-14	2	-15	0	-16	3	-17	0	-18	3	-19	2	-20	1	
70	-1	2	-2	3	-3	2	-4	2	-5	3	-6	0	-7	1	-8	3	-9	2	-10	2	-11	3	-12	1	-13	3	-14	2	-15	0	-16	2	-17	1	-18	1	-19	2	-20	1	
71	-1	2	-2	3	-3	2	-4	0	-5	3	-6	0	-7	3	-8	3	-9	2	-10	2	-11	1	-12	1	-13	0	-14	2	-15	0	-16	1	-17	1	-18	0	-19	2	-20	1	
72	-1	2	-2	3	-3	2	-4	0	-5	3	-6	0	-7	3	-8	3	-9	3	-10	2	-11	1	-12	1	-13	0	-14	1	-15	0	-16	2	-17	1	-18	0	-19	2	-20	1	
73	-1	3	-2	3	-3	1	-4	0	-5	3	-6	2	-7	3	-8	3	-9	0	-10	2	-11	1	-12	2	-13	0	-14	2	-15	0	-16	2	-17	1	-18	3	-19	2	-20	0	
74	-1	1	-2	3	-3	2	-4	0	-5	3	-6	0	-7	3	-8	3	-9	2	-10	2	-11	1	-12	3	-13	0	-14	3	-15	0	-16	2	-17	1	-18	0	-19	2	-20	1	
75	-1	2	-2	3	-3	2	-4	0	-5	3	-6	0	-7	3	-8	3	-9	2	-10	0	-11	1	-12	2	-13	0	-14	2	-15	0	-16	2	-17	2	-18	0	-19	2	-20	1	
76	-1	2	-2	3	-3	2	-4	0	-5	2	-6	0	-7	3	-8	3	-9	2	-10	2	-11	1	-12	2	-13	3	-14	0	-15	0	-16	2	-17	1	-18	0	-19	2	-20	1	
77	-1	2	-2	3	-3	3	-4	2	-5	3	-6	0	-7	3	-8	3	-9	0	-10	2	-11	1	-12	1	-13	0	-14	0	-15	0	-16	2	-17	1	-18	0	-19	2	-20	1	
78	-1	2	-2	3	-3	2	-4	0	-5	3	-6	0	-7	3	-8	3	-9	3	-10	1	-11	2	-12	1	-13	0	-14	2	-15	0	-16	2	-17	2	-18	0	-19	2	-20	2	
79	-1	2	-2	3	-3	2	-4	1	-5	3	-6	0	-7	0	-8	3	-9	1	-10	2	-11	1	-12	1	-13	0	-14	2	-15	0	-16	2	-17	1	-18	0	-19	2	-20	1	
80	-1	2	-2	3	-3	2	-4	0	-5	3	-6	0	-7	0	-8	3	-9	2	-10	2	-11	1	-12	1	-13	0	-14	2	-15	0	-16	2	-17	0	-18	0	-19	1	-20	1	
81	-1	2	-2	3	-3	2	-4	0	-5	0	-6	0	-7	3	-8	3	-9	0	-10	2	-11	1	-12	1	-13	0	-14	3	-15	0	-16	2	-17	1	-18	1	-19	2	-20	1	
82	-1	2	-2	1	-3	2	-4	3	-5	3	-6	1	-7	2	-8	3	-9	3	-10	1	-11	1	-12	1	-13	0	-14	2	-15	0	-16	2	-17	1	-18	2	-19	2	-20	1	
83	-1	2	-2	3	-3	2	-4	0	-5	3	-6	0	-7	3	-8	3	-9	3	-10	2	-11	1	-12	0	-13	0	-14	0	-15	0	-16	2	-17	1	-18	0	-19	2	-20	1	
84	-1	2	-2	3	-3	2	-4	0	-5	3	-6	1	-7	3	-8	0	-9	2	-10	2	-11	1	-12	1	-13	1	-14	3	-15	0	-16	2	-17	1	-18	0	-19	3	-20	1	
85	-1	2	-2	3	-3	0	-4	0	-5	0	-6	0	-7	0	-8	3	-9	3	-10	2	-11	1	-12	1	-13	2	-14	0	-15	0	-16	2	-17	1	-18	0	-19	2	-20	1	
86	-1	2	-2	0	-3	0	-4	0	-5	3	-6	0	-7	2	-8	3	-9	2	-10	2	-11	1	-12	1	-13	0	-14	2	-15	0	-16	2	-17	2	-18	0	-19	2	-20	1	
87	-1	2	-2	3	-3	2	-4	0	-5	3	-6	0	-7	3	-8	3	-9	2	-10	2	-11	2	-12	1	-13	1	-14	3	-15	0	-16	2	-17	2	-18	0	-19	2	-20	0	
88	-1	2	-2	3	-3	2	-4	3	-5	0	-6	2	-7	0	-8	3	-9	2	-10	2	-11	1	-12	0	-13	0	-14	2	-15	0	-16	2	-17	1	-18	0	-19	2	-20	1	
89	-1	2	-2	3	-3	1	-4	0	-5	3	-6	0	-7	0	-8	3	-9	2	-10	0	-11	1	-12	1	-13	0	-14	2	-15	0	-16	2	-17	1	-18	0	-19	3	-20	1	
90	-1	3	-2	3	-3	2	-4	1	-5	3	-6	0	-7	3	-8	3	-9	2	-10	2	-11	1	-12	1	-13	0	-14	2	-15	1	-16	3	-17	1	-18	0	-19	2	-20	0	
91	-1	2	-2	3	-3	2	-4	0	-5	2	-6	0	-7	3	-8	3	-9	2	-10	0	-11	1	-12	1	-13	0	-14	2	-15	0	-16	0	-17	1	-18	0	-19	2	-20	0	
92	-1	2	-2	3	-3	1	-4	0	-5	3	-6	1	-7	3	-8	3	-9	2	-10	2	-11	1	-12	3	-13	2	-14	3	-15	0	-16	2	-17	1	-18	0	-19	3	-20	1	
93	-1	2	-2	3	-3	2	-4	0	-5	3	-6	0	-7	3	-8	2	-9	2	-10	2	-11	0	-12	3	-13	0	-14	2	-15	0	-16	2	-17	3	-18	0	-19	2	-20	1	
94	-1	1	-2	3	-3	2	-4	0	-5	3	-6	0	-7	3	-8	3	-9	1	-10	2	-11	1	-12	1	-13	2	-14	2	-15	0	-16	2	-17	1	-18	3	-19	2	-20	1	
95	-1	2	-2	2	-3	3	-4	0	-5	3	-6	0	-7	3	-8	3	-9	2	-10	2	-11	1	-12	1	-13	0	-14	2	-15	3	-16	2	-17	1	-18	0	-19	2	-20	1	
96	-1	2	-2	3	-3	2	-4	0	-5	3	-6	1	-7	3	-8	3	-9	2	-10	0	-11	1	-12	1	-13	0	-14	2	-15	0	-16	2	-17	0	-18	0	-19	2	-20	1	
97	-1	2	-2	3	-3	2	-4	0	-5	3	-6	2	-7	3	-8	3	-9	2	-10	2	-11	1	-12	1	-13	0	-14	2	-15	3	-16	2	-17	0	-18	0	-19	2	-20	1	
98	-1	2	-2	3	-3	2	-4	0	-5	3	-6	1	-7	3	-8	3	-9	2	-10	2	-11	1	-12	2	-13	0	-14	0	-15	0	-16	2	-17	3	-18	0	-19	2	-20	1	
99	-1	3	-2	3	-3	2	-4	2	-5	3	-6	0	-7	3	-8	3	-9	2	-10	2	-11	1	-12	1	-13	0	-14	2	-15	0	-16	2	-17	1	-18	0	-19	2	-20	1	
100	-1	2	-2	1	-3	2	-4	0	-5	3	-6	0	-7	3	-8	3	-9	2	-10	2	-11	2	-12	1	-13	0	-14	2	-15	0	-16	3	-17	1	-18	0	-19	2	-20	1	
101	-1	1	-2	3	-3	2	-4	0	-5	3	-6	0	-7	3	-8	3	-9	0	-10	2	-11	1	-12	1	-13	0	-14	2	-15	0	-16	0	-17	1	-18	0	-19	2	-20	1	
102	-1	2	-2	3	-3	2	-4	0	-5	3	-6	0	-7	3	-8	3	-9	2	-10	1	-11	1	-12	1	-13	0	-14	2	-15	0	-16	2	-17	1	-18	1	-19	2	-20	0	
103	-1	2	-2	3	-3	2	-4	0	-5	3	-6	1	-7	3	-8	3	-9	2	-10	2	-11	1	-12	2	-13	0	-14	2	-15	0	-16	2	-17	1	-18	0	-19	2	-20	1	
104	-1	2	-2	3	-3	3	-4	1	-5	3	-6	0	-7	0	-8	3	-9	2	-10	2	-11	1	-12	1	-13	3	-14	2	-15	0	-16	2	-17	1	-18	0	-19	2	-20	1	
105	-1	2	-2	3	-3	2	-4	1	-5	3	-6	0	-7	3	-8	3	-9	0	-10	2	-11	1	-12	1	-13	0	-14	2	-15	0	-16	2	-17	0	-18	0	-19	2	-20	1	
106	-1	2	-2	3	-3	2	-4	0	-5	3	-6	0	-7	3	-8	3	-9	2	-10	2	-11	1	-12	1	-13	0	-14	2	-15	0	-16	2	-17	1	-18	0	-19	2	-20	3	
107	-1	3	-2	3	-3	2	-4	0	-5	3	-6	0	-7	3	-8	3	-9	2	-10	2	-11	1	-12	1	-13	0	-14	2	-15	0	-16	0	-17	1	-18	0	-19	2	-20	1	
108	-1	2	-2	3	-3	2	-4	0	-5	1	-6	0	-7	1	-8	3	-9	2	-10	2	-11	2	-12	1	-13	0	-14	2	-15	0	-16	2	-17	0	-18	0	-19	3	-20	0	
109	-1	2	-2	3	-3	2	-4	0	-5	3	-6	0	-7	1	-8	3	-9	2	-10	2	-11	2	-12	1	-13	0	-14	1	-15	0	-16	2	-17	1	-18	0	-19	2	-20	0	
110	-1	2	-2	1	-3	2	-4	0	-5	2	-6	3	-7	1	-8	3	-9	1	-10	0	-11	2	-12	1	-13	0	-14	2	-15	0	-16	1	-17	1	-18	0	-19	2	-20	0	
111	-1	2	-2	3	-3	2	-4	0	-5	3	-6	2	-7	3	-8	0	-9	2	-10	2	-11	2	-12	1	-13	0	-14	2	-15	0	-16	2	-17	0	-18	0	-19	2	-20	1	
112	-1	2	-2	3	-3	2	-4	0	-5	3	-6	0	-7	2	-8	3	-9	2	-10	2	-11	2	-12	1	-13	1	-14	2	-15	0	-16	3	-17	1	-18	0	-19	2	-20	3	
113	-1	2	-2	3	-3	2	-4	0	-5	3	-6	0	-7	3	-8	2	-9	2	-10	2	-11	1	-12	1	-13	3	-14	2	-15	0	-16	2	-17	1	-18	0	-19	2	-20	0	
114	-1	2	-2	3	-3	2	-4	0	-5	3	-6	1	-7	3	-8	3	-9	2	-10	2	-11	1	-12	1	-13	0	-14	2	-15	0	-16	2	-17	1	-18	0	-19	2	-20	1	
115	-1	2	-2	3	-3	3	-4	0	-5	0	-6	0	-7	3	-8	3	-9	2	-10	2	-11	1	-12	1	-13	0	-14	2	-15	0	-16	2	-17	1	-18	0	-19	2	-20	1	
116	-1	2	-2	2	-3	0	-4	0	-5	1	-6	0	-7	3	-8	3	-9	2	-10	2	-11	1	-12	1	-13	0	-14	2	-15	0	-16	1	-17	1	-18	0	-19	2	-20	1	
117	-1	1	-2	3	-3	2	-4	0	-5	3	-6	0	-7	3	-8	3	-9	2	-10	2	-11	1	-12	1	-13	0	-14	2	-15	0	-16	2	-17	1	-18	0	-19	2	-20	1	
118	-1	2	-2	3	-3	2	-4	3	-5	2	-6	0	-7	3	-8	0	-9	2	-10	2	-11	2	-12	3	-13	0	-14	1	-15	0	-16	0	-17	1	-18	0	-19	2	-20	1	
119	-1	2	-2	3	-3	2	-4	0	-5	3	-6	0	-7	3	-8	3	-9	2	-10	2	-11	1	-12	1	-13	0	-14	2	-15	0	-16	2	-17	1	-18	0	-19	2	-20	0	
120	-1	2	-2	3	-3	0	-4	0	-5	3	-6	0	-7	3	-8	3	-9	0	-10	2	-11	1	-12	1	-13	1	-14	2	-15	0	-16	2	-17	2	-18	0	-19	2	-20	1	
121	-1	2	-2	3	-3	3	-4	0	-5	3	-6	0	-7	3	-8	3	-9	2	-10	2	-11	1	-12	1	-13	0	-14	2	-15	0	-16	2	-17	1	-18	0	-19	2	-20	1	
122	-1	2	-2	0	-3	2	-4	0	-5	3	-6	0	-7	3	-8	3	-9	2	-10	2	-11	3	-12	2	-13	0	-14	2	-15	0	-16	2	-17	1	-18	0	-19	2	-20	1	
123	-1	2	-2	3	-3	2	-4	0	-5	3	-6	0	-7	3	-8	3	-9	2	-10	2	-11	1	-12	1	-13	0	-14	3	-15	0	-16	2	-17	1	-18	0	-19	2	-20	1	
124	-1	2	-2	3	-3	2	-4	2	-5	3	-6	0	-7	3	-8	3	-9	2	-10	2	-11	1	-12	1	-13	0	-14	2	-15	0	-16	2	-17	1	-18	0	-19	2	-20	1	
125	-1	2	-2	3	-3	2	-4	0	-5	3	-6	0	-7	3	-8	3	-9	1	-10	2	-11	0	-12	1	-13	3	-14	1	-15	0	-16	1	-17	1	-18	0	-19	1	-20	1	
126	-1	3	-2	3	-3	2	-4	1	-5	3	-6	0	-7	3	-8	3	-9	2	-10	2	-11	2	-12	1	-13	0	-14	3	-15	0	-16	2	-17	1	-18	0	-19	2	-20	0	
127	-1	2	-2	3	-3	2	-4	0	-5	2	-6	0	-7	3	-8	3	-9	0	-10	3	-11	1	-12	2	-13	0	-14	2	-15	0	-16	2	-17	1	-18	0	-19	2	-20	1	
128	-1	2	-2	3	-3	2	-4	0	-5	1	-6	0	-7	3	-8	3	-9	1	-10	2	-11	1	-12	1	-13	0	-14	2	-15	0	-16	2	-17	1	-18	0	-19	1	-20	3	
129	-1	2	-2	3	-3	2	-4	3	-5	3	-6	0	-7	3	-8	3	-9	2	-10	2	-11	1	-12	1	-13	0	-14	2	-15	0	-16	0	-17	1	-18	0	-19	2	-20	2	
130	-1	2	-2	3	-3	2	-4	0	-5	3	-6	3	-7	0	-8	3	-9	2	-10	2	-11	1	-12	1	-13	0	-14	2	-15	3	-16	2	-17	1	-18	0	-19	2	-20	1	
131	-1	2	-2	2	-3	2	-4	0	-5	3	-6	2	-7	3	-8	3	-9	0	-10	2	-11	2	-12	1	-13	0	-14	2	-15	0	-16	2	-17	2	-18	3	-19	2	-20	1	
132	-1	2	-2	3	-3	2	-4	1	-5	3	-6	0	-7	3	-8	1	-9	2	-10	2	-11	0	-12	1	-13	0	-14	3	-15	0	-16	2	-17	2	-18	0	-19	2	-20	1	
133	-1	2	-2	3	-3	2	-4	0	-5	3	-6	0	-7	1	-8	3	-9	2	-10	0	-11	1	-12	1	-13	0	-14	2	-15	0	-16	2	-17	1	-18	0	-19	2	-20	1	
134	-1	0	-2	3	-3	2	-4	2	-5	3	-6	0	-7	3	-8	3	-9	2	-10	2	-11	1	-12	1	-13	0	-14	2	-15	0	-16	3	-17	1	-18	0	-19	2	-20	1	
135	-1	2	-2	3	-3	2	-4	1	-5	3	-6	0	-7	3	-8	0	-9	2	-10	2	-11	1	-12	1	-13	0	-14	2	-15	0	-16	2	-17	1	-18	0	-19	1	-20	1	
136	-1	2	-2	3	-3	2	-4	0	-5	3	-6	0	-7	3	-8	3	-9	2	-10	2	-11	1	-12	0	-13	3	-14	2	-15	0	-16	2	-17	1	-18	0	-19	2	-20	1	
137	-1	3	-2	3	-3	2	-4	0	-5	3	-6	0	-7	3	-8	3	-9	2	-10	0	-11	0	-12	1	-13	0	-14	2	-15	0	-16	3	-17	1	-18	0	-19	2	-20	1	
138	-1	0	-2	3	-3	2	-4	0	-5	1	-6	3	-7	2	-8	0	-9	2	-10	2	-11	1	-12	0	-13	2	-14	2	-15	0	-16	2	-17	2	-18	2	-19	2	-20	3	
139	-1	2	-2	3	-3	2	-4	0	-5	3	-6	0	-7	3	-8	3	-9	2	-10	2	-11	0	-12	1	-13	0	-14	2	-15	0	-16	1	-17	1	-18	2	-19	2	-20	1	
140	-1	2	-2	0	-3	2	-4	0	-5	3	-6	1	-7	3	-8	3	-9	2	-10	1	-11	1	-12	1	-13	0	-14	2	-15	0	-16	3	-17	1	-18	1	-19	2	-20	1	
141	-1	2	-2	3	-3	2	-4	2	-5	0	-6	0	-7	3	-8	3	-9	0	-10	2	-11	0	-12	1	-13	0	-14	2	-15	0	-16	2	-17	2	-18	0	-19	0	-20	1	
142	-1	2	-2	3	-3	2	-4	0	-5	2	-6	0	-7	3	-8	3	-9	2	-10	2	-11	1	-12	1	-13	0	-14	2	-15	0	-16	1	-17	0	-18	0	-19	2	-20	3	
143	-1	2	-2	1	-3	2	-4	0	-5	3	-6	1	-7	3	-8	3	-9	2	-10	1	-11	1	-12	0	-13	0	-14	2	-15	0	-16	2	-17	1	-18	0	-19	2	-20	1	
144	-1	2	-2	3	-3	2	-4	3	-5	2	-6	0	-7	3	-8	2	-9	3	-10	2	-11	1	-12	3	-13	0	-14	2	-15	1	-16	2	-17	1	-18	0	-19	3	-20	1	
145	-1	1	-2	3	-3	2	-4	0	-5	0	-6	0	-7	3	-8	1	-9	2	-10	2	-11	0	-12	1	-13	0	-14	2	-15	0	-16	2	-17	1	-18	1	-19	2	-20	1	
146	-1	2	-2	0	-3	2	-4	1	-5	3	-6	0	-7	3	-8	2	-9	2	-10	2	-11	1	-12	2	-13	0	-14	2	-15	0	-16	2	-17	0	-18	3	-19	0	-20	1	
147	-1	2	-2	3	-3	2	-4	0	-5	3	-6	0	-7	0	-8	3	-9	2	-10	0	-11	1	-12	1	-13	0	-14	3	-15	0	-16	0	-17	0	-18	0	-19	3	-20	2	
148	-1	2	-2	3	-3	2	-4	0	-5	3	-6	1	-7	3	-8	3	-9	2	-10	2	-11	1	-12	1	-13	0	-14	2	-15	0	-16	1	-17	1	-18	0	-19	2	-20	2	
149	-1	2	-2	2	-3	2	-4	0	-5	3	-6	0	-7	3	-8	3	-9	2	-10	2	-11	1	-12	1	-13	0	-14	2	-15	0	-16	2	-17	2	-18	0	-19	2	-20	1	
150	-1	3	-2	3	-3	2	-4	3	-5	3	-6	0	-7	0	-8	3	-9	2	-10	2	-11	1	-12	0	-13	1	-14	1	-15	1	-16	2	-17	0	-18	2	-19	2	-20	2	
151	-1	2	-2	3	-3	3	-4	2	-5	3	-6	3	-7	0	-8	2	-9	1	-10	2	-11	1	-12	3	-13	1	-14	2	-15	1	-16	2	-17	1	-18	2	-19	2	-20	3	
152	-1	2	-2	3	-3	2	-4	0	-5	3	-6	0	-7	1	-8	3	-9	2	-10	2	-11	1	-12	0	-13	0	-14	2	-15	1	-16	2	-17	1	-18	1	-19	3	-20	1	
153	-1	2	-2	3	-3	2	-4	2	-5	3	-6	0	-7	3	-8	3	-9	2	-10	2	-11	0	-12	1	-13	0	-14	2	-15	0	-16	2	-17	1	-18	0	-19	0	-20	1	
154	-1	2	-2	3	-3	2	-4	0	-5	3	-6	1	-7	3	-8	2	-9	2	-10	0	-11	1	-12	1	-13	0	-14	2	-15	3	-16	2	-17	1	-18	0	-19	2	-20	1	
155	-1	2	-2	3	-3	2	-4	0	-5	3	-6	0	-7	3	-8	3	-9	2	-10	2	-11	1	-12	1	-13	0	-14	2	-15	0	-16	2	-17	1	-18	0	-19	0	-20	1	
156	-1	2	-2	3	-3	1	-4	0	-5	3	-6	0	-7	3	-8	3	-9	2	-10	2	-11	1	-12	1	-13	0	-14	2	-15	0	-16	2	-17	1	-18	0	-19	2	-20	1	
157	-1	2	-2	2	-3	2	-4	0	-5	3	-6	0	-7	0	-8	3	-9	2	-10	0	-11	0	-12	3	-13	0	-14	2	-15	0	-16	2	-17	1	-18	0	-19	2	-20	1	
158	-1	2	-2	0	-3	2	-4	0	-5	3	-6	0	-7	3	-8	1	-9	2	-10	2	-11	1	-12	1	-13	0	-14	1	-15	0	-16	2	-17	0	-18	0	-19	2	-20	2	
159	-1	2	-2	3	-3	2	-4	0	-5	3	-6	0	-7	3	-8	3	-9	2	-10	2	-11	1	-12	1	-13	1	-14	0	-15	0	-16	2	-17	1	-18	0	-19	2	-20	1	
160	-1	2	-2	3	-3	2	-4	0	-5	3	-6	0	-7	3	-8	3	-9	1	-10	2	-11	0	-12	0	-13	0	-14	2	-15	2	-16	2	-17	1	-18	0	-19	2	-20	1	
161	-1	2	-2	3	-3	2	-4	0	-5	3	-6	0	-7	3	-8	3	-9	2	-10	2	-11	1	-12	3	-13	2	-14	2	-15	0	-16	2	-17	0	-18	0	-19	2	-20	0	
162	-1	1	-2	0	-3	2	-4	0	-5	3	-6	0	-7	3	-8	3	-9	2	-10	2	-11	1	-12	0	-13	0	-14	2	-15	2	-16	2	-17	1	-18	0	-19	0	-20	2	
163	-1	2	-2	3	-3	2	-4	3	-5	3	-6	0	-7	3	-8	3	-9	2	-10	2	-11	1	-12	1	-13	0	-14	2	-15	0	-16	2	-17	1	-18	0	-19	2	-20	1	
164	-1	1	-2	3	-3	2	-4	0	-5	3	-6	0	-7	3	-8	2	-9	1	-10	2	-11	1	-12	1	-13	0	-14	2	-15	0	-16	3	-17	1	-18	0	-19	2	-20	1	
165	-1	2	-2	3	-3	1	-4	0	-5	3	-6	0	-7	3	-8	3	-9	2	-10	2	-11	0	-12	2	-13	0	-14	2	-15	0	-16	2	-17	1	-18	0	-19	2	-20	3	
166	-1	2	-2	3	-3	2	-4	0	-5	3	-6	0	-7	3	-8	3	-9	2	-10	2	-11	1	-12	1	-13	0	-14	2	-15	0	-16	2	-17	1	-18	1	-19	2	-20	1	
167	-1	2	-2	0	-3	2	-4	0	-5	3	-6	0	-7	1	-8	0	-9	2	-10	0	-11	1	-12	1	-13	0	-14	2	-15	1	-16	0	-17	3	-18	2	-19	2	-20	1	
168	-1	2	-2	2	-3	2	-4	0	-5	3	-6	0	-7	3	-8	2	-9	2	-10	2	-11	2	-12	1	-13	0	-14	2	-15	0	-16	2	-17	1	-18	0	-19	2	-20	1	
169	-1	2	-2	3	-3	2	-4	0	-5	3	-6	3	-7	3	-8	3	-9	2	-10	2	-11	1	-12	2	-13	0	-14	2	-15	0	-16	2	-17	1	-18	3	-19	2	-20	1	
170	-1	2	-2	3	-3	2	-4	0	-5	3	-6	1	-7	3	-8	3	-9	2	-10	2	-11	1	-12	1	-13	0	-14	2	-15	3	-16	2	-17	1	-18	0	-19	2	-20	0	
171	-1	2	-2	2	-3	0	-4	3	-5	3	-6	0	-7	3	-8	3	-9	2	-10	2	-11	1	-12	1	-13	0	-14	0	-15	0	-16	2	-17	1	-18	0	-19	3	-20	1	
172	-1	2	-2	3	-3	2	-4	0	-5	3	-6	0	-7	3	-8	3	-9	2	-10	2	-11	1	-12	3	-13	0	-14	2	-15	0	-16	2	-17	1	-18	0	-19	2	-20	1	
173	-1	2	-2	3	-3	2	-4	0	-5	3	-6	0	-7	3	-8	3	-9	3	-10	2	-11	1	-12	1	-13	0	-14	2	-15	2	-16	2	-17	1	-18	2	-19	2	-20	1	
174	-1	1	-2	3	-3	2	-4	0	-5	3	-6	0	-7	3	-8	2	-9	2	-10	2	-11	1	-12	1	-13	0	-14	2	-15	0	-16	2	-17	1	-18	0	-19	2	-20	1	
175	-1	2	-2	3	-3	1	-4	0	-5	3	-6	0	-7	3	-8	3	-9	2	-10	2	-11	1	-12	1	-13	0	-14	2	-15	0	-16	2	-17	1	-18	0	-19	0	-20	1	
176	-1	2	-2	3	-3	2	-4	3	-5	3	-6	0	-7	3	-8	2	-9	1	-10	3	-11	3	-12	1	-13	0	-14	2	-15	0	-16	2	-17	1	-18	0	-19	2	-20	1	
177	-1	1	-2	3	-3	2	-4	0	-5	3	-6	0	-7	3	-8	0	-9	2	-10	2	-11	1	-12	1	-13	0	-14	2	-15	3	-16	2	-17	1	-18	0	-19	2	-20	1	
178	-1	0	-2	3	-3	2	-4	0	-5	3	-6	0	-7	2	-8	3	-9	2	-10	0	-11	1	-12	1	-13	0	-14	2	-15	0	-16	2	-17	1	-18	0	-19	2	-20	1	
179	-1	1	-2	3	-3	1	-4	0	-5	3	-6	2	-7	3	-8	3	-9	2	-10	2	-11	1	-12	1	-13	0	-14	2	-15	0	-16	2	-17	1	-18	0	-19	2	-20	1	
180	-1	2	-2	3	-3	2	-4	0	-5	3	-6	0	-7	3	-8	1	-9	2	-10	1	-11	1	-12	1	-13	0	-14	1	-15	0	-16	2	-17	3	-18	3	-19	0	-20	1	
181	-1	3	-2	3	-3	2	-4	2	-5	1	-6	0	-7	3	-8	3	-9	2	-10	2	-11	1	-12	1	-13	0	-14	2	-15	1	-16	2	-17	1	-18	0	-19	2	-20	2	
182	-1	2	-2	3	-3	3	-4	0	-5	3	-6	0	-7	2	-8	3	-9	2	-10	2	-11	1	-12	1	-13	1	-14	2	-15	3	-16	2	-17	1	-18	0	-19	2	-20	2	
183	-1	2	-2	3	-3	2	-4	3	-5	3	-6	1	-7	3	-8	3	-9	2	-10	2	-11	1	-12	0	-13	0	-14	0	-15	0	-16	2	-17	1	-18	0	-19	2	-20	1	
184	-1	2	-2	3	-3	2	-4	2	-5	2	-6	0	-7	2	-8	3	-9	2	-10	2	-11	1	-12	1	-13	0	-14	0	-15	0	-16	2	-17	1	-18	0	-19	2	-20	1	
185	-1	2	-2	3	-3	2	-4	0	-5	3	-6	0	-7	0	-8	3	-9	2	-10	0	-11	1	-12	1	-13	0	-14	3	-15	0	-16	2	-17	1	-18	0	-19	2	-20	1	
186	-1	2	-2	3	-3	2	-4	0	-5	3	-6	0	-7	3	-8	0	-9	1	-10	2	-11	3	-12	1	-13	0	-14	2	-15	0	-16	1	-17	1	-18	3	-19	1	-20	0	
187	-1	2	-2	0	-3	2	-4	0	-5	3	-6	0	-7	2	-8	3	-9	1	-10	2	-11	1	-12	3	-13	0	-14	3	-15	0	-16	2	-17	1	-18	3	-19	2	-20	1	
188	-1	3	-2	1	-3	2	-4	0	-5	3	-6	0	-7	3	-8	0	-9	1	-10	3	-11	1	-12	1	-13	0	-14	2	-15	3	-16	2	-17	1	-18	0	-19	2	-20	0	
189	-1	2	-2	1	-3	2	-4	0	-5	3	-6	0	-7	3	-8	3	-9	3	-10	2	-11	1	-12	1	-13	0	-14	2	-15	1	-16	0	-17	1	-18	0	-19	2	-20	1	
190	-1	2	-2	3	-3	2	-4	0	-5	3	-6	0	-7	3	-8	0	-9	2	-10	1	-11	0	-12	1	-13	0	-14	2	-15	0	-16	2	-17	1	-18	0	-19	2	-20	1	
191	-1	2	-2	3	-3	2	-4	0	-5	3	-6	0	-7	3	-8	3	-9	3	-10	2	-11	1	-12	2	-13	0	-14	2	-15	0	-16	2	-17	1	-18	2	-19	2	-20	1	
192	-1	2	-2	3	-3	2	-4	0	-5	3	-6	0	-7	3	-8	3	-9	2	-10	2	-11	1	-12	1	-13	1	-14	2	-15	0	-16	2	-17	1	-18	0	-19	2	-20	1	
193	-1	2	-2	3	-3	2	-4	0	-5	3	-6	0	-7	3	-8	3	-9	2	-10	0	-11	1	-12	1	-13	2	-14	2	-15	0	-16	2	-17	0	-18	0	-19	3	-20	2	
194	-1	2	-2	3	-3	2	-4	0	-5	3	-6	0	-7	3	-8	2	-9	2	-10	2	-11	1	-12	1	-13	3	-14	2	-15	0	-16	2	-17	1	-18	0	-19	0	-20	3	
195	-1	2	-2	3	-3	2	-4	0	-5	3	-6	0	-7	3	-8	3	-9	2	-10	0	-11	1	-12	2	-13	1	-14	2	-15	0	-16	2	-17	1	-18	0	-19	2	-20	1	
196	-1	2	-2	3	-3	2	-4	0	-5	3	-6	0	-7	3	-8	3	-9	1	-10	1	-11	1	-12	1	-13	3	-14	2	-15	0	-16	2	-17	1	-18	0	-19	2	-20	1	
197	-1	2	-2	3	-3	1	-4	0	-5	3	-6	0	-7	3	-8	3	-9	2	-10	2	-11	1	-12	1	-13	3	-14	2	-15	0	-16	2	-17	1	-18	0	-19	2	-20	1	
198	-1	3	-2	3	-3	2	-4	0	-5	3	-6	0	-7	3	-8	3	-9	2	-10	2	-11	1	-12	1	-13	1	-14	2	-15	0	-16	2	-17	1	-18	1	-19	2	-20	1	
199	-1	2	-2	3	-3	2	-4	0	-5	3	-6	2	-7	3	-8	3	-9	2	-10	2	-11	1	-12	1	-13	0	-14	2	-15	0	-16	2	-17	1	-18	3	-19	2	-20	1	
200	-1	2	-2	3	-3	2	-4	0	-5	3	-6	0	-7	2	-8	3	-9	2	-10	2	-11	1	-12	1	-13	0	-14	2	-15	1	-16	2	-17	1	-18	0	-19	2	-20	1	
201	-1	2	-2	1	-3	0	-4	0	-5	3	-6	0	-7	3	-8	3	-9	2	-10	2	-11	3	-12	1	-13	0	-14	2	-15	0	-16	2	-17	1	-18	0	-19	2	-20	1	
202	-1	2	-2	3	-3	2	-4	0	-5	3	-6	0	-7	3	-8	3	-9	2	-10	2	-11	1	-12	1	-13	3	-14	2	-15	1	-16	3	-17	1	-18	0	-19	2	-20	1	
203	-1	2	-2	3	-3	3	-4	0	-5	3	-6	3	-7	3	-8	3	-9	2	-10	2	-11	1	-12	1	-13	3	-14	2	-15	0	-16	2	-17	1	-18	0	-19	2	-20	2	
204	-1	2	-2	3	-3	3	-4	0	-5	3	-6	0	-7	3	-8	3	-9	2	-10	2	-11	1	-12	1	-13	0	-14	2	-15	0	-16	2	-17	1	-18	0	-19	2	-20	0	
205	-1	2	-2	3	-3	2	-4	3	-5	3	-6	0	-7	0	-8	0	-9	2	-10	1	-11	2	-12	1	-13	0	-14	2	-15	1	-16	2	-17	1	-18	0	-19	2	-20	1	
206	-1	2	-2	3	-3	2	-4	0	-5	3	-6	0	-7	3	-8	3	-9	2	-10	2	-11	1	-12	1	-13	0	-14	1	-15	3	-16	2	-17	1	-18	0	-19	2	-20	0	
207	-1	2	-2	3	-3	2	-4	0	-5	3	-6	0	-7	3	-8	3	-9	2	-10	2	-11	1	-12	1	-13	0	-14	2	-15	0	-16	2	-17	1	-18	1	-19	2	-20	1	
208	-1	2	-2	3	-3	2	-4	1	-5	0	-6	0	-7	3	-8	3	-9	2	-10	0	-11	0	-12	1	-13	2	-14	1	-15	0	-16	1	-17	2	-18	1	-19	2	-20	0	
209	-1	2	-2	3	-3	2	-4	0	-5	3	-6	0	-7	3	-8	3	-9	2	-10	3	-11	1	-12	1	-13	0	-14	2	-15	0	-16	2	-17	1	-18	0	-19	2	-20	1	
210	-1	2	-2	2	-3	2	-4	3	-5	3	-6	1	-7	3	-8	3	-9	2	-10	2	-11	1	-12	1	-13	0	-14	2	-15	0	-16	2	-17	1	-18	0	-19	2	-20	1	
211	-1	2	-2	3	-3	2	-4	0	-5	3	-6	1	-7	3	-8	3	-9	2	-10	2	-11	1	-12	1	-13	0	-14	2	-15	0	-16	2	-17	0	-18	0	-19	2	-20	1	
212	-1	2	-2	3	-3	2	-4	0	-5	3	-6	0	-7	3	-8	3	-9	2	-10	2	-11	1	-12	1	-13	0	-14	2	-15	0	-16	2	-17	1	-18	0	-19	2	-20	1	
213	-1	2	-2	3	-3	2	-4	0	-5	3	-6	0	-7	1	-8	3	-9	0	-10	2	-11	1	-12	1	-13	3	-14	2	-15	0	-16	2	-17	1	-18	0	-19	2	-20	2	
214	-1	3	-2	3	-3	3	-4	0	-5	3	-6	0	-7	3	-8	3	-9	2	-10	2	-11	1	-12	1	-13	0	-14	2	-15	0	-16	0	-17	1	-18	3	-19	2	-20	1	
215	-1	3	-2	3	-3	2	-4	0	-5	3	-6	0	-7	1	-8	3	-9	2	-10	0	-11	1	-12	2	-13	1	-14	2	-15	0	-16	2	-17	1	-18	0	-19	2	-20	1	
216	-1	0	-2	3	-3	2	-4	0	-5	3	-6	0	-7	2	-8	3	-9	2	-10	2	-11	1	-12	1	-13	1	-14	2	-15	0	-16	2	-17	1	-18	3	-19	2	-20	1	
217	-1	2	-2	3	-3	0	-4	0	-5	3	-6	0	-7	3	-8	3	-9	2	-10	2	-11	1	-12	1	-13	0	-14	2	-15	0	-16	2	-17	1	-18	0	-19	2	-20	1	
218	-1	2	-2	2	-3	2	-4	0	-5	3	-6	0	-7	3	-8	3	-9	2	-10	2	-11	0	-12	1	-13	0	-14	2	-15	0	-16	0	-17	1	-18	0	-19	2	-20	1	
219	-1	3	-2	3	-3	3	-4	1	-5	3	-6	0	-7	3	-8	3	-9	2	-10	2	-11	0	-12	1	-13	0	-14	2	-15	0	-16	1	-17	1	-18	0	-19	2	-20	1	
220	-1	3	-2	0	-3	2	-4	0	-5	3	-6	0	-7	3	-8	3	-9	2	-10	0	-11	1	-12	1	-13	0	-14	2	-15	0	-16	1	-17	1	-18	0	-19	2	-20	1	
221	-1	2	-2	3	-3	2	-4	0	-5	3	-6	2	-7	3	-8	3	-9	2	-10	2	-11	1	-12	1	-13	1	-14	2	-15	0	-16	2	-17	1	-18	0	-19	2	-20	0	
222	-1	2	-2	3	-3	2	-4	0	-5	3	-6	0	-7	3	-8	3	-9	2	-10	2	-11	1	-12	1	-13	0	-14	2	-15	0	-16	2	-17	1	-18	0	-19	3	-20	1	
223	-1	2	-2	2	-3	2	-4	0	-5	3	-6	0	-7	3	-8	1	-9	2	-10	2	-11	1	-12	1	-13	0	-14	2	-15	0	-16	1	-17	3	-18	0	-19	2	-20	0	
224	-1	2	-2	3	-3	2	-4	0	-5	3	-6	0	-7	1	-8	3	-9	2	-10	2	-11	2	-12	1	-13	0	-14	2	-15	0	-16	2	-17	1	-18	0	-19	2	-20	1	
225	-1	0	-2	1	-3	2	-4	0	-5	3	-6	0	-7	3	-8	3	-9	2	-10	2	-11	1	-12	1	-13	0	-14	2	-15	2	-16	2	-17	1	-18	0	-19	2	-20	3	
226	-1	3	-2	0	-3	2	-4	0	-5	2	-6	0	-7	3	-8	0	-9	2	-10	3	-11	0	-12	1	-13	0	-14	2	-15	0	-16	2	-17	1	-18	0	-19	3	-20	3	
227	-1	2	-2	0	-3	0	-4	0	-5	2	-6	0	-7	3	-8	3	-9	2	-10	2	-11	1	-12	1	-13	1	-14	2	-15	0	-16	2	-17	0	-18	0	-19	2	-20	1	
228	-1	2	-2	3	-3	2	-4	0	-5	3	-6	0	-7	1	-8	3	-9	2	-10	0	-11	1	-12	1	-13	0	-14	1	-15	0	-16	0	-17	1	-18	0	-19	2	-20	1	
229	-1	2	-2	3	-3	2	-4	0	-5	3	-6	0	-7	3	-8	3	-9	3	-10	2	-11	1	-12	1	-13	0	-14	2	-15	3	-16	0	-17	1	-18	0	-19	2	-20	2	
230	-1	1	-2	3	-3	1	-4	0	-5	3	-6	3	-7	0	-8	3	-9	2	-10	2	-11	1	-12	1	-13	0	-14	2	-15	0	-16	2	-17	1	-18	0	-19	1	-20	1	
231	-1	2	-2	3	-3	2	-4	2	-5	1	-6	0	-7	3	-8	3	-9	1	-10	1	-11	1	-12	0	-13	0	-14	2	-15	0	-16	2	-17	1	-18	0	-19	2	-20	0	
232	-1	2	-2	3	-3	2	-4	0	-5	3	-6	0	-7	3	-8	3	-9	2	-10	2	-11	2	-12	1	-13	0	-14	2	-15	0	-16	2	-17	1	-18	0	-19	1	-20	1	
233	-1	2	-2	3	-3	2	-4	0	-5	3	-6	0	-7	2	-8	3	-9	3	-10	2	-11	1	-12	1	-13	0	-14	2	-15	0	-16	2	-17	1	-18	1	-19	2	-20	0	
234	-1	2	-2	3	-3	2	-4	3	-5	3	-6	0	-7	3	-8	3	-9	2	-10	1	-11	1	-12	1	-13	0	-14	1	-15	1	-16	2	-17	1	-18	0	-19	3	-20	1	
235	-1	0	-2	3	-3	2	-4	0	-5	1	-6	0	-7	3	-8	3	-9	2	-10	2	-11	1	-12	1	-13	0	-14	2	-15	0	-16	2	-17	1	-18	0	-19	2	-20	1	
236	-1	2	-2	3	-3	2	-4	0	-5	3	-6	0	-7	3	-8	3	-9	2	-10	2	-11	1	-12	1	-13	0	-14	2	-15	0	-16	2	-17	1	-18	0	-19	2	-20	1	
237	-1	2	-2	3	-3	3	-4	0	-5	1	-6	0	-7	3	-8	2	-9	3	-10	2	-11	1	-12	1	-13	2	-14	2	-15	0	-16	1	-17	1	-18	0	-19	2	-20	1	
238	-1	3	-2	3	-3	3	-4	0	-5	3	-6	2	-7	3	-8	3	-9	3	-10	2	-11	0	-12	1	-13	0	-14	2	-15	0	-16	2	-17	3	-18	3	-19	2	-20	1	
239	-1	2	-2	1	-3	2	-4	0	-5	3	-6	0	-7	0	-8	2	-9	2	-10	2	-11	1	-12	1	-13	0	-14	2	-15	0	-16	2	-17	1	-18	0	-19	2	-20	1	
240	-1	2	-2	3	-3	2	-4	0	-5	1	-6	0	-7	3	-8	0	-9	2	-10	1	-11	1	-12	3	-13	1	-14	3	-15	0	-16	2	-17	1	-18	0	-19	2	-20	1	
241	-1	0	-2	0	-3	2	-4	0	-5	0	-6	0	-7	0	-8	3	-9	0	-10	0	-11	1	-12	1	-13	1	-14	2	-15	0	-16	2	-17	1	-18	2	-19	1	-20	1	
242	-1	3	-2	3	-3	2	-4	0	-5	3	-6	0	-7	3	-8	3	-9	2	-10	2	-11	1	-12	1	-13	3	-14	2	-15	0	-16	1	-17	1	-18	0	-19	2	-20	1	
243	-1	2	-2	3	-3	1	-4	3	-5	3	-6	0	-7	3	-8	3	-9	2	-10	2	-11	1	-12	1	-13	0	-14	1	-15	0	-16	2	-17	3	-18	0	-19	2	-20	1	
244	-1	2	-2	3	-3	0	-4	0	-5	3	-6	0	-7	3	-8	3	-9	2	-10	2	-11	1	-12	1	-13	0	-14	2	-15	0	-16	2	-17	1	-18	0	-19	2	-20	1	
245	-1	0	-2	3	-3	1	-4	0	-5	3	-6	0	-7	3	-8	3	-9	2	-10	2	-11	1	-12	1	-13	1	-14	2	-15	1	-16	0	-17	1	-18	0	-19	2	-20	1	
246	-1	2	-2	3	-3	2	-4	0	-5	2	-6	0	-7	3	-8	3	-9	2	-10	2	-11	1	-12	1	-13	0	-14	2	-15	0	-16	2	-17	1	-18	0	-19	2	-20	1	
247	-1	2	-2	3	-3	2	-4	0	-5	3	-6	0	-7	3	-8	3	-9	2	-10	2	-11	3	-12	1	-13	0	-14	2	-15	0	-16	2	-17	3	-18	0	-19	2	-20	1	
248	-1	2	-2	3	-3	2	-4	0	-5	3	-6	0	-7	3	-8	1	-9	1	-10	2	-11	1	-12	1	-13	0	-14	3	-15	0	-16	2	-17	1	-18	0	-19	2	-20	3	
249	-1	2	-2	3	-3	2	-4	0	-5	1	-6	1	-7	3	-8	3	-9	0	-10	2	-11	1	-12	1	-13	1	-14	2	-15	0	-16	2	-17	0	-18	3	-19	2	-20	1	
250	-1	2	-2	3	-3	2	-4	0	-5	3	-6	0	-7	0	-8	3	-9	2	-10	2	-11	1	-12	1	-13	3	-14	2	-15	1	-16	2	-17	1	-18	0	-19	2	-20	1	
251	-1	2	-2	3	-3	2	-4	0	-5	3	-6	0	-7	3	-8	3	-9	2	-10	2	-11	1	-12	1	-13	0	-14	2	-15	0	-16	2	-17	1	-18	0	-19	2	-20	1	
252	-1	1	-2	3	-3	2	-4	0	-5	3	-6	0	-7	3	-8	3	-9	2	-10	2	-11	1	-12	1	-13	0	-14	2	-15	0	-16	2	-17	1	-18	3	-19	2	-20	1	
253	-1	2	-2	3	-3	2	-4	0	-5	2	-6	0	-7	3	-8	3	-9	3	-10	2	-11	1	-12	1	-13	0	-14	3	-15	0	-16	2	-17	2	-18	0	-19	3	-20	1	
254	-1	2	-2	3	-3	2	-4	0	-5	3	-6	0	-7	3	-8	3	-9	2	-10	3	-11	1	-12	2	-13	0	-14	2	-15	0	-16	2	-17	1	-18	0	-19	1	-20	1	
255	-1	2	-2	3	-3	2	-4	2	-5	3	-6	0	-7	3	-8	3	-9	2	-10	2	-11	1	-12	3	-13	0	-14	2	-15	0	-16	2	-17	1	-18	0	-19	2	-20	1	
256	-1	2	-2	3	-3	2	-4	0	-5	3	-6	0	-7	3	-8	1	-9	2	-10	1	-11	1	-12	1	-13	0	-14	2	-15	0	-16	2	-17	1	-18	0	-19	2	-20	1	
257	-1	2	-2	3	-3	2	-4	0	-5	0	-6	0	-7	0	-8	3	-9	2	-10	0	-11	3	-12	1	-13	0	-14	0	-15	0	-16	2	-17	1	-18	0	-19	2	-20	1	
258	-1	2	-2	3	-3	2	-4	0	-5	0	-6	0	-7	3	-8	3	-9	2	-10	2	-11	3	-12	1	-13	0	-14	2	-15	0	-16	2	-17	1	-18	0	-19	2	-20	1	
259	-1	2	-2	3	-3	2	-4	0	-5	3	-6	0	-7	3	-8	3	-9	3	-10	2	-11	1	-12	2	-13	0	-14	2	-15	0	-16	2	-17	1	-18	0	-19	3	-20	1	
260	-1	2	-2	0	-3	2	-4	0	-5	3	-6	0	-7	3	-8	3	-9	2	-10	2	-11	1	-12	2	-13	1	-14	2	-15	0	-16	2	-17	1	-18	0	-19	2	-20	2	
261	-1	2	-2	0	-3	2	-4	0	-5	3	-6	0	-7	3	-8	3	-9	2	-10	2	-11	2	-12	0	-13	0	-14	2	-15	0	-16	2	-17	1	-18	0	-19	2	-20	1	
262	-1	2	-2	3	-3	0	-4	0	-5	3	-6	0	-7	3	-8	3	-9	2	-10	3	-11	1	-12	1	-13	0	-14	2	-15	0	-16	2	-17	0	-18	0	-19	2	-20	1	
263	-1	2	-2	3	-3	2	-4	0	-5	3	-6	0	-7	3	-8	0	-9	2	-10	2	-11	2	-12	1	-13	0	-14	2	-15	0	-16	0	-17	1	-18	1	-19	2	-20	1	
264	-1	2	-2	3	-3	2	-4	0	-5	2	-6	0	-7	3	-8	3	-9	2	-10	2	-11	1	-12	1	-13	1	-14	2	-15	0	-16	2	-17	1	-18	1	-19	2	-20	1	
265	-1	2	-2	3	-3	2	-4	0	-5	3	-6	0	-7	3	-8	2	-9	2	-10	2	-11	1	-12	1	-13	1	-14	2	-15	0	-16	2	-17	1	-18	0	-19	2	-20	1	
266	-1	2	-2	2	-3	2	-4	0	-5	3	-6	0	-7	3	-8	3	-9	2	-10	2	-11	1	-12	1	-13	0	-14	2	-15	0	-16	3	-17	1	-18	0	-19	0	-20	1	
267	-1	2	-2	2	-3	2	-4	0	-5	3	-6	0	-7	3	-8	1	-9	2	-10	2	-11	1	-12	3	-13	0	-14	3	-15	0	-16	0	-17	1	-18	0	-19	2	-20	1	
268	-1	2	-2	0	-3	2	-4	3	-5	1	-6	0	-7	0	-8	2	-9	3	-10	2	-11	1	-12	1	-13	1	-14	0	-15	0	-16	1	-17	1	-18	1	-19	2	-20	1	
269	-1	2	-2	3	-3	2	-4	0	-5	3	-6	0	-7	3	-8	3	-9	2	-10	2	-11	1	-12	1	-13	0	-14	2	-15	0	-16	2	-17	1	-18	3	-19	2	-20	1	
270	-1	2	-2	0	-3	3	-4	0	-5	3	-6	0	-7	3	-8	3	-9	2	-10	2	-11	1	-12	1	-13	0	-14	2	-15	0	-16	2	-17	1	-18	2	-19	2	-20	1	
271	-1	2	-2	0	-3	2	-4	0	-5	2	-6	0	-7	3	-8	3	-9	2	-10	2	-11	2	-12	1	-13	1	-14	2	-15	2	-16	2	-17	3	-18	1	-19	2	-20	1	
272	-1	2	-2	3	-3	0	-4	0	-5	0	-6	0	-7	3	-8	3	-9	2	-10	0	-11	1	-12	1	-13	0	-14	2	-15	0	-16	2	-17	1	-18	0	-19	2	-20	1	
273	-1	0	-2	3	-3	2	-4	0	-5	3	-6	0	-7	0	-8	3	-9	2	-10	2	-11	1	-12	1	-13	1	-14	2	-15	0	-16	2	-17	1	-18	0	-19	2	-20	1	
274	-1	2	-2	3	-3	2	-4	0	-5	3	-6	1	-7	3	-8	3	-9	2	-10	2	-11	1	-12	3	-13	0	-14	2	-15	0	-16	2	-17	1	-18	2	-19	2	-20	1	
275	-1	2	-2	3	-3	0	-4	0	-5	0	-6	2	-7	0	-8	2	-9	2	-10	3	-11	1	-12	1	-13	0	-14	2	-15	3	-16	0	-17	2	-18	0	-19	2	-20	1	
276	-1	3	-2	0	-3	0	-4	0	-5	3	-6	0	-7	3	-8	3	-9	2	-10	1	-11	1	-12	1	-13	1	-14	1	-15	0	-16	2	-17	1	-18	0	-19	2	-20	1	
277	-1	2	-2	3	-3	3	-4	1	-5	3	-6	0	-7	3	-8	3	-9	2	-10	2	-11	1	-12	1	-13	0	-14	2	-15	2	-16	2	-17	1	-18	0	-19	3	-20	3	
278	-1	2	-2	3	-3	1	-4	0	-5	2	-6	2	-7	3	-8	3	-9	2	-10	2	-11	1	-12	1	-13	0	-14	2	-15	0	-16	2	-17	3	-18	1	-19	2	-20	1	
279	-1	2	-2	3	-3	2	-4	0	-5	3	-6	0	-7	3	-8	1	-9	2	-10	1	-11	1	-12	3	-13	0	-14	2	-15	1	-16	2	-17	1	-18	3	-19	2	-20	2	
280	-1	2	-2	3	-3	2	-4	0	-5	3	-6	0	-7	3	-8	1	-9	2	-10	2	-11	1	-12	1	-13	0	-14	2	-15	1	-16	2	-17	2	-18	0	-19	2	-20	1	
281	-1	2	-2	3	-3	2	-4	0	-5	3	-6	0	-7	0	-8	2	-9	2	-10	2	-11	1	-12	1	-13	0	-14	2	-15	0	-16	2	-17	1	-18	2	-19	0	-20	1	
282	-1	2	-2	3	-3	2	-4	0	-5	3	-6	0	-7	3	-8	3	-9	2	-10	2	-11	1	-12	0	-13	0	-14	2	-15	0	-16	2	-17	2	-18	0	-19	1	-20	1	
283	-1	3	-2	0	-3	2	-4	0	-5	3	-6	0	-7	3	-8	1	-9	2	-10	2	-11	1	-12	1	-13	1	-14	0	-15	0	-16	2	-17	1	-18	0	-19	2	-20	1	
284	-1	3	-2	3	-3	2	-4	0	-5	1	-6	0	-7	3	-8	3	-9	2	-10	1	-11	3	-12	1	-13	1	-14	2	-15	0	-16	0	-17	1	-18	0	-19	0	-20	1	
285	-1	3	-2	3	-3	2	-4	2	-5	3	-6	0	-7	3	-8	0	-9	2	-10	2	-11	0	-12	1	-13	0	-14	2	-15	0	-16	2	-17	1	-18	2	-19	2	-20	1	
286	-1	2	-2	0	-3	2	-4	0	-5	2	-6	0	-7	3	-8	3	-9	2	-10	0	-11	0	-12	1	-13	0	-14	2	-15	3	-16	3	-17	1	-18	0	-19	2	-20	1	
287	-1	2	-2	3	-3	3	-4	0	-5	3	-6	0	-7	3	-8	3	-9	2	-10	2	-11	2	-12	1	-13	1	-14	2	-15	2	-16	3	-17	1	-18	0	-19	2	-20	1	
288	-1	2	-2	3	-3	2	-4	0	-5	3	-6	0	-7	3	-8	3	-9	2	-10	2	-11	1	-12	3	-13	0	-14	2	-15	1	-16	2	-17	1	-18	0	-19	2	-20	1	
289	-1	2	-2	3	-3	2	-4	0	-5	2	-6	0	-7	3	-8	3	-9	1	-10	2	-11	2	-12	1	-13	0	-14	2	-15	0	-16	2	-17	1	-18	1	-19	2	-20	1	
290	-1	2	-2	3	-3	0	-4	0	-5	3	-6	2	-7	3	-8	3	-9	1	-10	1	-11	1	-12	1	-13	0	-14	2	-15	0	-16	2	-17	1	-18	2	-19	3	-20	1	
291	-1	2	-2	3	-3	2	-4	0	-5	3	-6	0	-7	2	-8	3	-9	3	-10	1	-11	1	-12	1	-13	0	-14	3	-15	0	-16	2	-17	0	-18	0	-19	3	-20	1	
292	-1	2	-2	1	-3	2	-4	0	-5	2	-6	0	-7	3	-8	3	-9	2	-10	2	-11	3	-12	1	-13	0	-14	2	-15	0	-16	2	-17	1	-18	0	-19	2	-20	3	
293	-1	2	-2	3	-3	2	-4	0	-5	3	-6	2	-7	3	-8	3	-9	2	-10	3	-11	1	-12	1	-13	0	-14	2	-15	0	-16	0	-17	2	-18	3	-19	2	-20	2	
294	-1	2	-2	1	-3	2	-4	0	-5	3	-6	0	-7	3	-8	3	-9	2	-10	2	-11	1	-12	1	-13	0	-14	2	-15	0	-16	2	-17	1	-18	0	-19	3	-20	2	
295	-1	0	-2	3	-3	2	-4	0	-5	3	-6	0	-7	0	-8	3	-9	2	-10	2	-11	1	-12	1	-13	0	-14	3	-15	3	-16	2	-17	1	-18	2	-19	3	-20	1	
296	-1	2	-2	1	-3	2	-4	0	-5	3	-6	0	-7	3	-8	3	-9	2	-10	2	-11	0	-12	1	-13	0	-14	0	-15	0	-16	2	-17	1	-18	0	-19	0	-20	1	
297	-1	2	-2	3	-3	2	-4	3	-5	3	-6	0	-7	3	-8	3	-9	2	-10	1	-11	1	-12	1	-13	1	-14	2	-15	0	-16	2	-17	1	-18	0	-19	2	-20	1	
298	-1	2	-2	3	-3	2	-4	0	-5	3	-6	0	-7	3	-8	0	-9	2	-10	2	-11	0	-12	3	-13	0	-14	2	-15	0	-16	0	-17	1	-18	3	-19	2	-20	3	
299	-1	2	-2	3	-3	2	-4	0	-5	3	-6	0	-7	3	-8	3	-9	2	-10	2	-11	1	-12	2	-13	1	-14	2	-15	0	-16	2	-17	1	-18	0	-19	2	-20	1	
300	-1	3	-2	3	-3	1	-4	0	-5	3	-6	1	-7	3	-8	3	-9	2	-10	2	-11	1	-12	1	-13	0	-14	2	-15	0	-16	2	-17	1	-18	1	-19	2	-20	1	
301	-1	3	-2	3	-3	2	-4	2	-5	3	-6	0	-7	3	-8	3	-9	2	-10	2	-11	1	-12	1	-13	0	-14	2	-15	0	-16	2	-17	1	-18	0	-19	2	-20	3	
302	-1	2	-2	3	-3	3	-4	2	-5	3	-6	0	-7	3	-8	1	-9	2	-10	2	-11	1	-12	1	-13	0	-14	2	-15	0	-16	2	-17	1	-18	0	-19	2	-20	1	
303	-1	2	-2	3	-3	2	-4	0	-5	3	-6	0	-7	2	-8	2	-9	2	-10	2	-11	1	-12	1	-13	0	-14	2	-15	0	-16	2	-17	1	-18	2	-19	2	-20	1	
304	-1	2	-2	3	-3	2	-4	0	-5	3	-6	2	-7	0	-8	3	-9	1	-10	0	-11	1	-12	1	-13	0	-14	2	-15	0	-16	2	-17	1	-18	0	-19	2	-20	1	
305	-1	2	-2	3	-3	2	-4	0	-5	3	-6	0	-7	3	-8	0	-9	2	-10	0	-11	1	-12	1	-13	0	-14	2	-15	0	-16	3	-17	1	-18	1	-19	3	-20	1	
306	-1	2	-2	3	-3	2	-4	0	-5	3	-6	0	-7	3	-8	3	-9	2	-10	2	-11	1	-12	1	-13	0	-14	1	-15	0	-16	3	-17	1	-18	0	-19	2	-20	1	
307	-1	2	-2	3	-3	2	-4	0	-5	3	-6	0	-7	3	-8	3	-9	2	-10	2	-11	1	-12	2	-13	0	-14	1	-15	0	-16	2	-17	1	-18	2	-19	2	-20	1	
308	-1	2	-2	3	-3	0	-4	0	-5	3	-6	0	-7	3	-8	1	-9	2	-10	1	-11	0	-12	1	-13	3	-14	2	-15	0	-16	2	-17	0	-18	0	-19	2	-20	1	
309	-1	2	-2	3	-3	2	-4	0	-5	3	-6	0	-7	3	-8	3	-9	3	-10	2	-11	2	-12	1	-13	0	-14	2	-15	0	-16	2	-17	1	-18	0	-19	2	-20	2	
310	-1	2	-2	3	-3	2	-4	0	-5	3	-6	1	-7	3	-8	3	-9	2	-10	3	-11	1	-12	1	-13	0	-14	2	-15	1	-16	2	-17	2	-18	2	-19	2	-20	3	
311	-1	2	-2	3	-3	2	-4	0	-5	3	-6	0	-7	0	-8	3	-9	2	-10	2	-11	1	-12	1	-13	3	-14	0	-15	0	-16	2	-17	1	-18	3	-19	2	-20	1	
312	-1	2	-2	2	-3	2	-4	0	-5	3	-6	0	-7	2	-8	3	-9	2	-10	2	-11	1	-12	3	-13	0	-14	2	-15	3	-16	3	-17	1	-18	0	-19	2	-20	1	
313	-1	2	-2	3	-3	0	-4	0	-5	2	-6	0	-7	3	-8	3	-9	2	-10	0	-11	1	-12	1	-13	1	-14	2	-15	0	-16	3	-17	1	-18	3	-19	2	-20	1	
314	-1	2	-2	3	-3	1	-4	0	-5	3	-6	0	-7	3	-8	2	-9	2	-10	2	-11	1	-12	1	-13	3	-14	1	-15	0	-16	2	-17	1	-18	0	-19	2	-20	1	
315	-1	2	-2	3	-3	0	-4	0	-5	3	-6	0	-7	3	-8	3	-9	2	-10	2	-11	1	-12	1	-13	0	-14	2	-15	0	-16	2	-17	1	-18	3	-19	3	-20	1	
316	-1	2	-2	3	-3	2	-4	0	-5	3	-6	0	-7	3	-8	3	-9	2	-10	2	-11	2	-12	0	-13	0	-14	2	-15	3	-16	2	-17	1	-18	0	-19	2	-20	1	
317	-1	2	-2	3	-3	2	-4	0	-5	3	-6	0	-7	3	-8	2	-9	2	-10	1	-11	1	-12	1	-13	0	-14	2	-15	2	-16	2	-17	1	-18	0	-19	2	-20	1	
318	-1	2	-2	3	-3	3	-4	0	-5	3	-6	0	-7	3	-8	2	-9	2	-10	2	-11	3	-12	1	-13	0	-14	1	-15	0	-16	2	-17	2	-18	1	-19	2	-20	1	
319	-1	2	-2	0	-3	2	-4	0	-5	3	-6	0	-7	3	-8	3	-9	2	-10	2	-11	1	-12	1	-13	0	-14	2	-15	0	-16	0	-17	1	-18	0	-19	2	-20	1	
320	-1	2	-2	3	-3	2	-4	0	-5	3	-6	0	-7	3	-8	3	-9	2	-10	2	-11	1	-12	0	-13	3	-14	3	-15	0	-16	0	-17	1	-18	0	-19	2	-20	1	
321	-1	0	-2	3	-3	2	-4	1	-5	3	-6	2	-7	3	-8	2	-9	2	-10	2	-11	1	-12	3	-13	1	-14	2	-15	0	-16	2	-17	1	-18	0	-19	0	-20	1	
322	-1	2	-2	2	-3	2	-4	0	-5	1	-6	0	-7	3	-8	3	-9	2	-10	2	-11	1	-12	1	-13	0	-14	1	-15	1	-16	3	-17	1	-18	0	-19	2	-20	1	
323	-1	2	-2	3	-3	2	-4	0	-5	3	-6	1	-7	0	-8	3	-9	2	-10	0	-11	1	-12	1	-13	0	-14	2	-15	0	-16	2	-17	1	-18	0	-19	2	-20	1	
324	-1	2	-2	3	-3	2	-4	0	-5	3	-6	0	-7	3	-8	3	-9	2	-10	2	-11	1	-12	1	-13	0	-14	2	-15	0	-16	2	-17	1	-18	0	-19	0	-20	1	
325	-1	2	-2	3	-3	2	-4	0	-5	2	-6	0	-7	3	-8	1	-9	2	-10	2	-11	1	-12	1	-13	3	-14	2	-15	3	-16	2	-17	1	-18	0	-19	2	-20	2	
326	-1	2	-2	3	-3	2	-4	0	-5	3	-6	0	-7	3	-8	3	-9	2	-10	2	-11	2	-12	1	-13	0	-14	2	-15	0	-16	2	-17	1	-18	1	-19	2	-20	1	
327	-1	2	-2	3	-3	2	-4	2	-5	3	-6	0	-7	3	-8	3	-9	1	-10	0	-11	1	-12	1	-13	0	-14	2	-15	0	-16	1	-17	2	-18	0	-19	2	-20	1	
328	-1	2	-2	3	-3	2	-4	2	-5	3	-6	0	-7	3	-8	3	-9	2	-10	3	-11	1	-12	1	-13	0	-14	2	-15	0	-16	2	-17	1	-18	0	-19	2	-20	1	
329	-1	2	-2	3	-3	2	-4	0	-5	1	-6	0	-7	3	-8	3	-9	2	-10	3	-11	1	-12	2	-13	0	-14	1	-15	0	-16	2	-17	1	-18	0	-19	2	-20	1	
330	-1	2	-2	0	-3	1	-4	0	-5	3	-6	0	-7	3	-8	3	-9	2	-10	2	-11	1	-12	1	-13	0	-14	2	-15	0	-16	2	-17	3	-18	0	-19	2	-20	1	
331	-1	3	-2	1	-3	2	-4	0	-5	3	-6	0	-7	3	-8	3	-9	2	-10	2	-11	1	-12	1	-13	0	-14	2	-15	0	-16	2	-17	1	-18	0	-19	2	-20	1	
332	-1	2	-2	2	-3	2	-4	1	-5	3	-6	2	-7	3	-8	3	-9	2	-10	2	-11	1	-12	2	-13	0	-14	2	-15	0	-16	2	-17	2	-18	3	-19	2	-20	2	
333	-1	2	-2	3	-3	2	-4	0	-5	3	-6	0	-7	3	-8	2	-9	2	-10	2	-11	1	-12	1	-13	0	-14	2	-15	0	-16	2	-17	1	-18	0	-19	1	-20	1	
334	-1	2	-2	3	-3	2	-4	1	-5	3	-6	0	-7	3	-8	3	-9	2	-10	2	-11	1	-12	3	-13	0	-14	2	-15	2	-16	2	-17	1	-18	0	-19	2	-20	1	
335	-1	2	-2	3	-3	0	-4	3	-5	3	-6	0	-7	3	-8	2	-9	0	-10	2	-11	1	-12	3	-13	0	-14	2	-15	1	-16	3	-17	1	-18	0	-19	2	-20	1	
336	-1	2	-2	0	-3	2	-4	2	-5	3	-6	1	-7	3	-8	3	-9	2	-10	2	-11	1	-12	1	-13	0	-14	2	-15	0	-16	2	-17	3	-18	1	-19	2	-20	1	
337	-1	2	-2	1	-3	2	-4	0	-5	3	-6	0	-7	2	-8	1	-9	2	-10	2	-11	1	-12	2	-13	1	-14	2	-15	0	-16	2	-17	1	-18	1	-19	2	-20	1	
338	-1	2	-2	3	-3	2	-4	0	-5	3	-6	0	-7	3	-8	0	-9	2	-10	2	-11	1	-12	0	-13	0	-14	2	-15	0	-16	2	-17	1	-18	0	-19	2	-20	1	
339	-1	2	-2	3	-3	2	-4	2	-5	2	-6	1	-7	3	-8	3	-9	2	-10	2	-11	1	-12	1	-13	0	-14	2	-15	0	-16	2	-17	1	-18	2	-19	2	-20	1	
340	-1	2	-2	3	-3	3	-4	0	-5	3	-6	0	-7	3	-8	3	-9	2	-10	2	-11	1	-12	3	-13	0	-14	2	-15	0	-16	2	-17	2	-18	0	-19	2	-20	1	
341	-1	2	-2	3	-3	2	-4	0	-5	3	-6	0	-7	0	-8	3	-9	2	-10	1	-11	1	-12	1	-13	0	-14	2	-15	0	-16	2	-17	1	-18	0	-19	2	-20	0	
342	-1	3	-2	2	-3	2	-4	0	-5	3	-6	0	-7	3	-8	2	-9	2	-10	2	-11	1	-12	1	-13	0	-14	2	-15	0	-16	2	-17	1	-18	0	-19	0	-20	1	
343	-1	2	-2	2	-3	2	-4	0	-5	2	-6	0	-7	3	-8	3	-9	2	-10	2	-11	1	-12	1	-13	0	-14	2	-15	3	-16	1	-17	1	-18	2	-19	2	-20	1	
344	-1	1	-2	3	-3	1	-4	0	-5	3	-6	0	-7	2	-8	2	-9	2	-10	2	-11	1	-12	2	-13	3	-14	2	-15	0	-16	2	-17	1	-18	2	-19	2	-20	1	
345	-1	0	-2	0	-3	2	-4	3	-5	3	-6	0	-7	3	-8	2	-9	2	-10	2	-11	1	-12	1	-13	0	-14	2	-15	1	-16	2	-17	1	-18	0	-19	2	-20	1	
346	-1	2	-2	3	-3	2	-4	0	-5	3	-6	3	-7	3	-8	0	-9	2	-10	2	-11	1	-12	1	-13	0	-14	2	-15	0	-16	2	-17	1	-18	0	-19	2	-20	1	
347	-1	2	-2	3	-3	2	-4	2	-5	3	-6	2	-7	3	-8	3	-9	2	-10	2	-11	1	-12	1	-13	0	-14	2	-15	2	-16	3	-17	1	-18	3	-19	2	-20	1	
348	-1	2	-2	3	-3	0	-4	2	-5	2	-6	0	-7	2	-8	3	-9	2	-10	0	-11	2	-12	2	-13	0	-14	2	-15	0	-16	1	-17	2	-18	3	-19	2	-20	1	
349	-1	2	-2	3	-3	2	-4	0	-5	1	-6	0	-7	3	-8	1	-9	2	-10	3	-11	0	-12	1	-13	0	-14	2	-15	0	-16	2	-17	0	-18	0	-19	2	-20	1	
350	-1	2	-2	3	-3	2	-4	0	-5	3	-6	0	-7	3	-8	3	-9	2	-10	2	-11	1	-12	1	-13	0	-14	2	-15	0	-16	2	-17	1	-18	0	-19	2	-20	1	
351	-1	0	-2	3	-3	3	-4	0	-5	3	-6	0	-7	3	-8	3	-9	2	-10	2	-11	1	-12	0	-13	0	-14	2	-15	0	-16	2	-17	1	-18	0	-19	2	-20	1	
352	-1	2	-2	3	-3	2	-4	3	-5	3	-6	0	-7	3	-8	0	-9	1	-10	2	-11	1	-12	1	-13	0	-14	2	-15	0	-16	2	-17	1	-18	1	-19	0	-20	1	
353	-1	2	-2	3	-3	2	-4	0	-5	2	-6	0	-7	3	-8	3	-9	2	-10	2	-11	1	-12	1	-13	0	-14	2	-15	0	-16	0	-17	1	-18	0	-19	2	-20	1	
354	-1	2	-2	3	-3	2	-4	0	-5	3	-6	0	-7	3	-8	3	-9	2	-10	2	-11	1	-12	1	-13	3	-14	2	-15	3	-16	2	-17	1	-18	1	-19	2	-20	1	
355	-1	2	-2	3	-3	2	-4	0	-5	3	-6	0	-7	3	-8	3	-9	2	-10	2	-11	1	-12	1	-13	0	-14	2	-15	0	-16	3	-17	1	-18	0	-19	3	-20	0	
356	-1	2	-2	3	-3	2	-4	0	-5	3	-6	0	-7	3	-8	3	-9	2	-10	2	-11	1	-12	1	-13	0	-14	2	-15	0	-16	3	-17	1	-18	2	-19	2	-20	1	
357	-1	2	-2	3	-3	2	-4	0	-5	3	-6	0	-7	3	-8	3	-9	2	-10	2	-11	1	-12	1	-13	0	-14	2	-15	0	-16	1	-17	3	-18	0	-19	2	-20	1	
358	-1	3	-2	2	-3	0	-4	3	-5	1	-6	0	-7	3	-8	1	-9	1	-10	2	-11	1	-12	3	-13	0	-14	2	-15	2	-16	2	-17	1	-18	0	-19	0	-20	1	
359	-1	2	-2	3	-3	2	-4	0	-5	3	-6	0	-7	3	-8	0	-9	2	-10	2	-11	3	-12	1	-13	0	-14	2	-15	0	-16	2	-17	1	-18	3	-19	0	-20	3	
360	-1	2	-2	3	-3	2	-4	0	-5	3	-6	3	-7	3	-8	3	-9	2	-10	2	-11	1	-12	1	-13	0	-14	1	-15	0	-16	2	-17	1	-18	0	-19	2	-20	1	
361	-1	2	-2	3	-3	2	-4	2	-5	3	-6	0	-7	1	-8	1	-9	1	-10	2	-11	1	-12	2	-13	0	-14	3	-15	2	-16	2	-17	1	-18	0	-19	2	-20	1	
362	-1	2	-2	0	-3	0	-4	0	-5	2	-6	3	-7	3	-8	3	-9	2	-10	2	-11	1	-12	1	-13	0	-14	2	-15	0	-16	2	-17	1	-18	1	-19	2	-20	1	
363	-1	2	-2	3	-3	0	-4	0	-5	2	-6	0	-7	3	-8	3	-9	3	-10	2	-11	1	-12	1	-13	2	-14	3	-15	0	-16	2	-17	0	-18	0	-19	2	-20	1	
364	-1	2	-2	3	-3	2	-4	0	-5	3	-6	2	-7	0	-8	3	-9	2	-10	2	-11	1	-12	1	-13	0	-14	2	-15	0	-16	2	-17	1	-18	0	-19	2	-20	1	
365	-1	2	-2	3	-3	2	-4	0	-5	1	-6	0	-7	3	-8	3	-9	2	-10	2	-11	1	-12	1	-13	0	-14	2	-15	3	-16	2	-17	1	-18	0	-19	3	-20	1	
366	-1	2	-2	3	-3	2	-4	0	-5	3	-6	0	-7	3	-8	3	-9	1	-10	2	-11	1	-12	1	-13	0	-14	2	-15	2	-16	2	-17	1	-18	0	-19	2	-20	1	
367	-1	2	-2	3	-3	2	-4	3	-5	3	-6	3	-7	1	-8	3	-9	2	-10	3	-11	1	-12	1	-13	0	-14	0	-15	0	-16	2	-17	1	-18	0	-19	2	-20	1	
368	-1	3	-2	3	-3	2	-4	0	-5	3	-6	3	-7	3	-8	3	-9	2	-10	2	-11	1	-12	1	-13	0	-14	2	-15	0	-16	1	-17	1	-18	0	-19	2	-20	0	
369	-1	1	-2	3	-3	2	-4	0	-5	3	-6	2	-7	3	-8	3	-9	2	-10	2	-11	1	-12	1	-13	1	-14	2	-15	0	-16	1	-17	2	-18	0	-19	0	-20	1	
370	-1	2	-2	3	-3	2	-4	0	-5	3	-6	0	-7	3	-8	3	-9	2	-10	2	-11	1	-12	1	-13	0	-14	2	-15	0	-16	2	-17	1	-18	1	-19	2	-20	3	
371	-1	2	-2	3	-3	3	-4	0	-5	3	-6	0	-7	3	-8	3	-9	1	-10	2	-11	2	-12	1	-13	2	-14	0	-15	2	-16	2	-17	1	-18	0	-19	3	-20	3	
372	-1	2	-2	3	-3	2	-4	1	-5	3	-6	0	-7	3	-8	3	-9	2	-10	3	-11	3	-12	1	-13	3	-14	0	-15	0	-16	2	-17	1	-18	0	-19	2	-20	1	
373	-1	0	-2	3	-3	2	-4	0	-5	3	-6	3	-7	3	-8	0	-9	2	-10	0	-11	1	-12	1	-13	0	-14	3	-15	0	-16	2	-17	1	-18	0	-19	2	-20	1	
374	-1	2	-2	3	-3	2	-4	0	-5	3	-6	0	-7	3	-8	3	-9	2	-10	2	-11	1	-12	0	-13	0	-14	2	-15	0	-16	2	-17	1	-18	0	-19	2	-20	1	
375	-1	2	-2	3	-3	0	-4	0	-5	3	-6	2	-7	3	-8	2	-9	0	-10	2	-11	1	-12	1	-13	0	-14	0	-15	0	-16	2	-17	1	-18	0	-19	2	-20	1	
376	-1	2	-2	3	-3	2	-4	0	-5	3	-6	0	-7	3	-8	3	-9	2	-10	2	-11	0	-12	1	-13	0	-14	2	-15	0	-16	2	-17	1	-18	0	-19	2	-20	1	
377	-1	0	-2	3	-3	2	-4	0	-5	0	-6	0	-7	1	-8	3	-9	2	-10	3	-11	1	-12	3	-13	0	-14	2	-15	0	-16	2	-17	2	-18	0	-19	0	-20	1	
378	-1	2	-2	3	-3	2	-4	0	-5	3	-6	0	-7	3	-8	1	-9	2	-10	0	-11	1	-12	0	-13	0	-14	2	-15	0	-16	2	-17	1	-18	0	-19	2	-20	3	
379	-1	2	-2	3	-3	2	-4	0	-5	1	-6	3	-7	3	-8	3	-9	2	-10	2	-11	0	-12	1	-13	3	-14	2	-15	1	-16	2	-17	3	-18	0	-19	2	-20	1	
380	-1	2	-2	3	-3	2	-4	0	-5	3	-6	2	-7	3	-8	3	-9	2	-10	2	-11	1	-12	1	-13	0	-14	2	-15	0	-16	2	-17	1	-18	0	-19	1	-20	3	
381	-1	2	-2	3	-3	0	-4	0	-5	3	-6	0	-7	3	-8	3	-9	2	-10	2	-11	0	-12	1	-13	0	-14	2	-15	2	-16	2	-17	1	-18	1	-19	1	-20	1	
382	-1	2	-2	3	-3	0	-4	0	-5	3	-6	0	-7	3	-8	3	-9	2	-10	2	-11	1	-12	3	-13	0	-14	2	-15	0	-16	2	-17	1	-18	0	-19	2	-20	1	
383	-1	2	-2	3	-3	0	-4	0	-5	3	-6	0	-7	3	-8	3	-9	3	-10	2	-11	1	-12	1	-13	2	-14	2	-15	0	-16	2	-17	1	-18	0	-19	2	-20	1	
384	-1	2	-2	3	-3	2	-4	0	-5	1	-6	0	-7	3	-8	2	-9	2	-10	2	-11	1	-12	1	-13	0	-14	2	-15	0	-16	0	-17	1	-18	0	-19	2	-20	1	
385	-1	2	-2	3	-3	2	-4	0	-5	3	-6	0	-7	3	-8	3	-9	2	-10	2	-11	1	-12	1	-13	0	-14	2	-15	0	-16	2	-17	1	-18	0	-19	2	-20	3	
386	-1	1	-2	3	-3	2	-4	3	-5	3	-6	2	-7	3	-8	3	-9	3	-10	3	-11	1	-12	1	-13	0	-14	2	-15	0	-16	1	-17	1	-18	0	-19	0	-20	1	
387	-1	2	-2	3	-3	2	-4	0	-5	2	-6	0	-7	1	-8	3	-9	2	-10	2	-11	1	-12	1	-13	0	-14	2	-15	0	-16	2	-17	1	-18	0	-19	2	-20	1	
388	-1	2	-2	3	-3	2	-4	0	-5	3	-6	0	-7	0	-8	3	-9	1	-10	2	-11	2	-12	1	-13	0	-14	2	-15	0	-16	2	-17	1	-18	0	-19	2	-20	1	
389	-1	2	-2	1	-3	2	-4	0	-5	3	-6	0	-7	3	-8	3	-9	2	-10	2	-11	1	-12	1	-13	0	-14	3	-15	0	-16	0	-17	0	-18	0	-19	3	-20	1	
390	-1	2	-2	3	-3	2	-4	0	-5	3	-6	0	-7	3	-8	3	-9	2	-10	2	-11	0	-12	2	-13	1	-14	2	-15	3	-16	2	-17	2	-18	0	-19	2	-20	1	
391	-1	2	-2	3	-3	2	-4	0	-5	3	-6	0	-7	3	-8	3	-9	0	-10	2	-11	1	-12	1	-13	0	-14	2	-15	0	-16	2	-17	1	-18	0	-19	3	-20	3	
392	-1	2	-2	3	-3	2	-4	2	-5	0	-6	1	-7	3	-8	3	-9	0	-10	2	-11	0	-12	1	-13	0	-14	2	-15	0	-16	1	-17	1	-18	0	-19	2	-20	0	
393	-1	0	-2	3	-3	2	-4	0	-5	3	-6	0	-7	3	-8	3	-9	2	-10	2	-11	1	-12	1	-13	2	-14	2	-15	0	-16	2	-17	1	-18	0	-19	2	-20	1	
394	-1	1	-2	0	-3	2	-4	0	-5	3	-6	1	-7	2	-8	3	-9	2	-10	2	-11	0	-12	1	-13	0	-14	2	-15	0	-16	2	-17	2	-18	0	-19	2	-20	1	
395	-1	2	-2	3	-3	2	-4	0	-5	1	-6	0	-7	3	-8	0	-9	2	-10	2	-11	1	-12	1	-13	0	-14	2	-15	1	-16	2	-17	1	-18	0	-19	2	-20	1	
396	-1	2	-2	0	-3	2	-4	0	-5	3	-6	0	-7	3	-8	3	-9	2	-10	2	-11	1	-12	1	-13	0	-14	2	-15	0	-16	2	-17	1	-18	0	-19	2	-20	2	
397	-1	0	-2	3	-3	2	-4	0	-5	3	-6	0	-7	3	-8	0	-9	2	-10	1	-11	1	-12	1	-13	0	-14	2	-15	0	-16	2	-17	0	-18	0	-19	2	-20	1	
398	-1	2	-2	3	-3	2	-4	3	-5	3	-6	0	-7	2	-8	3	-9	2	-10	2	-11	1	-12	1	-13	0	-14	2	-15	0	-16	2	-17	1	-18	0	-19	2	-20	1	
399	-1	2	-2	3	-3	2	-4	0	-5	3	-6	0	-7	3	-8	3	-9	2	-10	2	-11	1	-12	1	-13	0	-14	2	-15	0	-16	2	-17	1	-18	0	-19	2	-20	1	
400	-1	2	-2	3	-3	2	-4	1	-5	3	-6	0	-7	3	-8	3	-9	2	-10	2	-11	3	-12	2	-13	0	-14	2	-15	0	-16	2	-17	1	-18	0	-19	2	-20	1	
401	-1	2	-2	3	-3	2	-4	0	-5	3	-6	3	-7	3	-8	3	-9	2	-10	2	-11	1	-12	1	-13	0	-14	2	-15	0	-16	3	-17	1	-18	0	-19	2	-20	1	
402	-1	2	-2	3	-3	2	-4	2	-5	0	-6	0	-7	1	-8	2	-9	1	-10	2	-11	1	-12	3	-13	2	-14	0	-15	0	-16	0	-17	1	-18	0	-19	3	-20	1	
403	-1	2	-2	3	-3	2	-4	2	-5	3	-6	0	-7	3	-8	0	-9	2	-10	2	-11	3	-12	1	-13	0	-14	2	-15	0	-16	1	-17	1	-18	2	-19	0	-20	1	
404	-1	2	-2	3	-3	2	-4	0	-5	3	-6	0	-7	3	-8	3	-9	2	-10	2	-11	1	-12	1	-13	0	-14	3	-15	0	-16	2	-17	1	-18	3	-19	2	-20	1	
405	-1	2	-2	3	-3	2	-4	0	-5	3	-6	1	-7	3	-8	3	-9	1	-10	0	-11	1	-12	1	-13	3	-14	2	-15	0	-16	2	-17	1	-18	0	-19	3	-20	1	
406	-1	2	-2	3	-3	0	-4	0	-5	3	-6	0	-7	1	-8	3	-9	2	-10	2	-11	1	-12	3	-13	3	-14	2	-15	0	-16	2	-17	0	-18	0	-19	2	-20	1	
407	-1	2	-2	3	-3	2	-4	0	-5	3	-6	0	-7	3	-8	3	-9	2	-10	2	-11	2	-12	1	-13	0	-14	2	-15	0	-16	0	-17	2	-18	0	-19	2	-20	1	
408	-1	2	-2	3	-3	2	-4	0	-5	3	-6	1	-7	3	-8	3	-9	2	-10	2	-11	1	-12	3	-13	0	-14	2	-15	0	-16	2	-17	1	-18	3	-19	1	-20	1	
409	-1	2	-2	3	-3	2	-4	2	-5	3	-6	2	-7	3	-8	3	-9	2	-10	2	-11	1	-12	1	-13	0	-14	2	-15	0	-16	1	-17	1	-18	0	-19	2	-20	1	
410	-1	2	-2	3	-3	2	-4	0	-5	3	-6	0	-7	3	-8	3	-9	2	-10	0	-11	1	-12	1	-13	3	-14	2	-15	0	-16	2	-17	1	-18	0	-19	2	-20	1	
411	-1	0	-2	3	-3	2	-4	2	-5	3	-6	0	-7	3	-8	3	-9	2	-10	2	-11	0	-12	3	-13	0	-14	1	-15	0	-16	1	-17	1	-18	0	-19	3	-20	3	
412	-1	2	-2	3	-3	3	-4	0	-5	3	-6	0	-7	1	-8	3	-9	2	-10	2	-11	1	-12	1	-13	0	-14	0	-15	0	-16	2	-17	1	-18	0	-19	2	-20	2	
413	-1	2	-2	3	-3	2	-4	0	-5	3	-6	3	-7	3	-8	3	-9	1	-10	2	-11	1	-12	1	-13	0	-14	3	-15	0	-16	3	-17	1	-18	0	-19	2	-20	1	
414	-1	2	-2	3	-3	3	-4	0	-5	3	-6	0	-7	3	-8	3	-9	2	-10	2	-11	1	-12	1	-13	0	-14	2	-15	0	-16	2	-17	1	-18	0	-19	2	-20	1	
415	-1	1	-2	3	-3	3	-4	0	-5	3	-6	0	-7	1	-8	3	-9	0	-10	1	-11	1	-12	1	-13	0	-14	2	-15	0	-16	0	-17	1	-18	0	-19	3	-20	1	
416	-1	1	-2	3	-3	2	-4	0	-5	3	-6	0	-7	0	-8	3	-9	3	-10	2	-11	1	-12	0	-13	0	-14	2	-15	1	-16	3	-17	1	-18	2	-19	2	-20	1	
417	-1	2	-2	3	-3	2	-4	2	-5	3	-6	0	-7	3	-8	3	-9	2	-10	2	-11	0	-12	1	-13	0	-14	2	-15	0	-16	2	-17	3	-18	3	-19	2	-20	2	
418	-1	2	-2	3	-3	2	-4	0	-5	3	-6	0	-7	1	-8	3	-9	2	-10	1	-11	3	-12	1	-13	0	-14	2	-15	0	-16	0	-17	1	-18	0	-19	2	-20	1	
419	-1	2	-2	3	-3	2	-4	3	-5	3	-6	0	-7	3	-8	3	-9	2	-10	2	-11	2	-12	1	-13	1	-14	2	-15	0	-16	3	-17	1	-18	0	-19	1	-20	1	
420	-1	2	-2	3	-3	0	-4	0	-5	3	-6	0	-7	3	-8	2	-9	2	-10	2	-11	1	-12	1	-13	0	-14	2	-15	0	-16	3	-17	1	-18	0	-19	2	-20	1	
421	-1	2	-2	2	-3	1	-4	0	-5	3	-6	3	-7	3	-8	3	-9	2	-10	3	-11	1	-12	1	-13	3	-14	2	-15	0	-16	2	-17	1	-18	0	-19	2	-20	1	
422	-1	2	-2	3	-3	2	-4	1	-5	3	-6	0	-7	3	-8	3	-9	1	-10	2	-11	1	-12	1	-13	0	-14	2	-15	0	-16	2	-17	1	-18	0	-19	2	-20	1	
423	-1	2	-2	3	-3	0	-4	0	-5	1	-6	0	-7	3	-8	3	-9	0	-10	2	-11	3	-12	1	-13	0	-14	2	-15	0	-16	0	-17	1	-18	3	-19	2	-20	2	
424	-1	3	-2	3	-3	1	-4	0	-5	3	-6	0	-7	3	-8	3	-9	2	-10	2	-11	1	-12	1	-13	0	-14	3	-15	0	-16	2	-17	1	-18	0	-19	3	-20	1	
425	-1	2	-2	3	-3	2	-4	0	-5	3	-6	0	-7	0	-8	3	-9	0	-10	1	-11	1	-12	1	-13	0	-14	2	-15	0	-16	0	-17	1	-18	0	-19	2	-20	2	
426	-1	2	-2	3	-3	2	-4	2	-5	2	-6	0	-7	1	-8	0	-9	2	-10	3	-11	1	-12	1	-13	1	-14	2	-15	0	-16	2	-17	0	-18	1	-19	2	-20	1	
427	-1	2	-2	3	-3	2	-4	0	-5	0	-6	0	-7	3	-8	3	-9	2	-10	2	-11	1	-12	1	-13	0	-14	2	-15	0	-16	2	-17	1	-18	0	-19	2	-20	1	
428	-1	2	-2	3	-3	2	-4	0	-5	1	-6	0	-7	3	-8	1	-9	2	-10	3	-11	1	-12	1	-13	0	-14	2	-15	0	-16	2	-17	1	-18	2	-19	2	-20	1	
429	-1	2	-2	2	-3	2	-4	0	-5	3	-6	0	-7	3	-8	3	-9	1	-10	2	-11	0	-12	1	-13	3	-14	2	-15	3	-16	2	-17	1	-18	0	-19	2	-20	1	
430	-1	2	-2	3	-3	2	-4	0	-5	3	-6	0	-7	3	-8	3	-9	2	-10	2	-11	1	-12	1	-13	3	-14	2	-15	0	-16	2	-17	1	-18	0	-19	3	-20	1	
431	-1	2	-2	2	-3	2	-4	0	-5	1	-6	0	-7	3	-8	3	-9	3	-10	2	-11	1	-12	1	-13	2	-14	2	-15	0	-16	1	-17	0	-18	0	-19	3	-20	1	
432	-1	2	-2	3	-3	2	-4	0	-5	3	-6	0	-7	3	-8	3	-9	2	-10	2	-11	1	-12	1	-13	0	-14	2	-15	0	-16	3	-17	1	-18	0	-19	0	-20	1	
433	-1	2	-2	0	-3	2	-4	0	-5	0	-6	2	-7	3	-8	3	-9	2	-10	0	-11	1	-12	1	-13	0	-14	2	-15	0	-16	2	-17	0	-18	1	-19	2	-20	1	
434	-1	2	-2	3	-3	2	-4	0	-5	3	-6	2	-7	3	-8	3	-9	2	-10	2	-11	3	-12	3	-13	2	-14	2	-15	0	-16	3	-17	2	-18	0	-19	2	-20	1	
435	-1	2	-2	0	-3	1	-4	0	-5	1	-6	0	-7	3	-8	3	-9	1	-10	2	-11	1	-12	1	-13	0	-14	2	-15	0	-16	3	-17	1	-18	0	-19	0	-20	1	
436	-1	2	-2	3	-3	2	-4	0	-5	3	-6	0	-7	3	-8	3	-9	2	-10	2	-11	1	-12	1	-13	0	-14	2	-15	0	-16	2	-17	1	-18	0	-19	2	-20	1	
437	-1	2	-2	3	-3	3	-4	0	-5	3	-6	0	-7	1	-8	3	-9	2	-10	1	-11	1	-12	1	-13	0	-14	2	-15	0	-16	2	-17	1	-18	0	-19	2	-20	1	
438	-1	3	-2	3	-3	2	-4	0	-5	1	-6	2	-7	3	-8	3	-9	2	-10	1	-11	1	-12	1	-13	0	-14	2	-15	0	-16	1	-17	1	-18	0	-19	2	-20	1	
439	-1	2	-2	3	-3	2	-4	0	-5	3	-6	1	-7	3	-8	3	-9	2	-10	2	-11	2	-12	2	-13	0	-14	1	-15	1	-16	3	-17	0	-18	0	-19	2	-20	1	
440	-1	2	-2	3	-3	2	-4	0	-5	3	-6	0	-7	3	-8	3	-9	2	-10	2	-11	1	-12	1	-13	3	-14	2	-15	0	-16	2	-17	1	-18	0	-19	2	-20	1	
441	-1	2	-2	3	-3	2	-4	3	-5	3	-6	0	-7	3	-8	3	-9	2	-10	2	-11	1	-12	1	-13	0	-14	2	-15	0	-16	2	-17	1	-18	0	-19	2	-20	1	
442	-1	2	-2	0	-3	2	-4	3	-5	3	-6	0	-7	3	-8	3	-9	0	-10	2	-11	0	-12	1	-13	0	-14	3	-15	0	-16	2	-17	1	-18	0	-19	2	-20	0	
443	-1	2	-2	3	-3	2	-4	0	-5	3	-6	0	-7	3	-8	3	-9	2	-10	2	-11	1	-12	1	-13	1	-14	2	-15	0	-16	2	-17	1	-18	0	-19	2	-20	3	
444	-1	2	-2	3	-3	2	-4	0	-5	3	-6	0	-7	0	-8	3	-9	2	-10	2	-11	1	-12	1	-13	0	-14	0	-15	2	-16	2	-17	0	-18	3	-19	2	-20	1	
445	-1	2	-2	3	-3	0	-4	0	-5	3	-6	0	-7	3	-8	3	-9	2	-10	1	-11	0	-12	1	-13	0	-14	2	-15	0	-16	2	-17	1	-18	0	-19	2	-20	1	
446	-1	2	-2	3	-3	2	-4	0	-5	3	-6	0	-7	3	-8	3	-9	2	-10	2	-11	2	-12	1	-13	0	-14	2	-15	1	-16	2	-17	3	-18	0	-19	2	-20	1	
447	-1	2	-2	2	-3	2	-4	1	-5	3	-6	2	-7	3	-8	0	-9	2	-10	2	-11	1	-12	0	-13	0	-14	2	-15	0	-16	2	-17	1	-18	0	-19	2	-20	0	
448	-1	2	-2	3	-3	2	-4	0	-5	3	-6	0	-7	2	-8	3	-9	2	-10	2	-11	1	-12	1	-13	0	-14	2	-15	2	-16	2	-17	1	-18	3	-19	2	-20	1	
449	-1	0	-2	3	-3	2	-4	2	-5	3	-6	0	-7	3	-8	0	-9	2	-10	2	-11	1	-12	1	-13	0	-14	2	-15	0	-16	2	-17	1	-18	1	-19	2	-20	0	
450	-1	3	-2	3	-3	2	-4	1	-5	3	-6	0	-7	3	-8	3	-9	2	-10	2	-11	1	-12	1	-13	0	-14	2	-15	3	-16	2	-17	1	-18	0	-19	2	-20	1	
451	-1	2	-2	3	-3	2	-4	0	-5	3	-6	0	-7	3	-8	3	-9	0	-10	2	-11	1	-12	1	-13	0	-14	2	-15	0	-16	2	-17	1	-18	0	-19	2	-20	1	
452	-1	1	-2	0	-3	2	-4	0	-5	3	-6	0	-7	3	-8	3	-9	2	-10	2	-11	1	-12	1	-13	1	-14	2	-15	0	-16	2	-17	1	-18	3	-19	2	-20	1	
453	-1	2	-2	3	-3	2	-4	0	-5	3	-6	3	-7	2	-8	3	-9	2	-10	2	-11	1	-12	1	-13	3	-14	2	-15	1	-16	2	-17	1	-18	0	-19	2	-20	1	
454	-1	2	-2	3	-3	2	-4	3	-5	3	-6	0	-7	3	-8	3	-9	2	-10	2	-11	1	-12	1	-13	0	-14	2	-15	0	-16	2	-17	1	-18	0	-19	2	-20	2	
455	-1	2	-2	3	-3	2	-4	0	-5	3	-6	2	-7	3	-8	3	-9	2	-10	2	-11	1	-12	2	-13	0	-14	2	-15	0	-16	2	-17	1	-18	0	-19	1	-20	1	
456	-1	3	-2	1	-3	1	-4	3	-5	3	-6	0	-7	3	-8	3	-9	1	-10	2	-11	2	-12	1	-13	1	-14	1	-15	0	-16	2	-17	1	-18	0	-19	2	-20	1	
457	-1	0	-2	3	-3	2	-4	1	-5	3	-6	3	-7	3	-8	1	-9	2	-10	2	-11	1	-12	1	-13	0	-14	2	-15	0	-16	2	-17	3	-18	0	-19	2	-20	1	
458	-1	2	-2	3	-3	2	-4	0	-5	3	-6	0	-7	3	-8	3	-9	2	-10	2	-11	1	-12	1	-13	0	-14	2	-15	0	-16	2	-17	1	-18	2	-19	2	-20	1	
459	-1	2	-2	3	-3	2	-4	0	-5	3	-6	2	-7	3	-8	3	-9	2	-10	2	-11	1	-12	1	-13	2	-14	2	-15	0	-16	2	-17	1	-18	0	-19	2	-20	1	
460	-1	0	-2	1	-3	2	-4	0	-5	3	-6	0	-7	3	-8	3	-9	2	-10	2	-11	0	-12	1	-13	0	-14	2	-15	0	-16	2	-17	1	-18	0	-19	2	-20	1	
461	-1	2	-2	3	-3	2	-4	2	-5	0	-6	0	-7	3	-8	3	-9	2	-10	2	-11	2	-12	1	-13	0	-14	2	-15	0	-16	2	-17	1	-18	0	-19	0	-20	1	
462	-1	2	-2	3	-3	2	-4	0	-5	3	-6	2	-7	3	-8	3	-9	2	-10	1	-11	1	-12	1	-13	0	-14	2	-15	0	-16	2	-17	1	-18	0	-19	2	-20	1	
463	-1	1	-2	3	-3	2	-4	0	-5	3	-6	3	-7	3	-8	3	-9	2	-10	0	-11	1	-12	1	-13	0	-14	2	-15	0	-16	2	-17	1	-18	0	-19	2	-20	3	
464	-1	2	-2	3	-3	2	-4	0	-5	3	-6	0	-7	3	-8	3	-9	3	-10	2	-11	1	-12	1	-13	0	-14	3	-15	3	-16	2	-17	1	-18	0	-19	2	-20	1	
465	-1	3	-2	3	-3	1	-4	2	-5	3	-6	0	-7	3	-8	3	-9	2	-10	0	-11	1	-12	3	-13	0	-14	2	-15	0	-16	2	-17	1	-18	0	-19	2	-20	1	
466	-1	2	-2	3	-3	2	-4	0	-5	3	-6	0	-7	3	-8	3	-9	2	-10	2	-11	1	-12	1	-13	0	-14	2	-15	0	-16	2	-17	1	-18	0	-19	2	-20	1	
467	-1	2	-2	3	-3	2	-4	0	-5	3	-6	0	-7	0	-8	3	-9	3	-10	0	-11	0	-12	1	-13	0	-14	2	-15	3	-16	2	-17	1	-18	0	-19	2	-20	1	
468	-1	0	-2	3	-3	2	-4	0	-5	3	-6	0	-7	3	-8	3	-9	0	-10	2	-11	1	-12	1	-13	0	-14	2	-15	0	-16	2	-17	1	-18	0	-19	2	-20	1	
469	-1	2	-2	1	-3	2	-4	0	-5	3	-6	2	-7	3	-8	3	-9	1	-10	2	-11	1	-12	1	-13	0	-14	2	-15	0	-16	2	-17	1	-18	0	-19	2	-20	1	
470	-1	2	-2	2	-3	2	-4	0	-5	3	-6	0	-7	3	-8	3	-9	0	-10	2	-11	1	-12	1	-13	0	-14	2	-15	0	-16	1	-17	2	-18	0	-19	2	-20	1	
471	-1	2	-2	3	-3	2	-4	0	-5	1	-6	0	-7	3	-8	3	-9	2	-10	2	-11	2	-12	3	-13	0	-14	2	-15	0	-16	2	-17	1	-18	2	-19	2	-20	1	
472	-1	2	-2	3	-3	2	-4	1	-5	3	-6	0	-7	3	-8	0	-9	2	-10	2	-11	1	-12	1	-13	0	-14	2	-15	3	-16	2	-17	1	-18	0	-19	2	-20	1	
473	-1	2	-2	3	-3	2	-4	0	-5	3	-6	2	-7	3	-8	3	-9	2	-10	2	-11	1	-12	0	-13	0	-14	2	-15	0	-16	2	-17	3	-18	0	-19	2	-20	3	
474	-1	3	-2	3	-3	2	-4	1	-5	0	-6	0	-7	3	-8	0	-9	2	-10	2	-11	1	-12	1	-13	2	-14	1	-15	0	-16	2	-17	1	-18	0	-19	2	-20	2	
475	-1	3	-2	3	-3	2	-4	1	-5	3	-6	0	-7	2	-8	3	-9	2	-10	2	-11	1	-12	1	-13	0	-14	2	-15	0	-16	2	-17	0	-18	0	-19	2	-20	3	
476	-1	2	-2	0	-3	0	-4	0	-5	2	-6	0	-7	3	-8	3	-9	2	-10	2	-11	3	-12	1	-13	0	-14	1	-15	2	-16	2	-17	1	-18	0	-19	3	-20	1	
477	-1	2	-2	3	-3	2	-4	0	-5	2	-6	0	-7	3	-8	3	-9	2	-10	2	-11	1	-12	1	-13	0	-14	0	-15	2	-16	2	-17	1	-18	0	-19	2	-20	3	
478	-1	2	-2	3	-3	2	-4	1	-5	2	-6	0	-7	3	-8	3	-9	2	-10	2	-11	1	-12	1	-13	0	-14	2	-15	0	-16	2	-17	1	-18	0	-19	0	-20	1	
479	-1	2	-2	3	-3	1	-4	0	-5	3	-6	0	-7	3	-8	3	-9	2	-10	2	-11	1	-12	1	-13	0	-14	2	-15	0	-16	1	-17	1	-18	3	-19	3	-20	1	
480	-1	2	-2	2	-3	1	-4	0	-5	3	-6	0	-7	3	-8	3	-9	2	-10	2	-11	1	-12	1	-13	0	-14	2	-15	0	-16	3	-17	1	-18	0	-19	2	-20	1	
481	-1	2	-2	3	-3	2	-4	0	-5	3	-6	0	-7	3	-8	3	-9	2	-10	2	-11	1	-12	2	-13	0	-14	2	-15	2	-16	2	-17	1	-18	0	-19	2	-20	1	
482	-1	2	-2	3	-3	2	-4	0	-5	3	-6	0	-7	3	-8	3	-9	2	-10	2	-11	1	-12	1	-13	0	-14	0	-15	0	-16	2	-17	1	-18	1	-19	2	-20	1	
483	-1	0	-2	3	-3	2	-4	0	-5	3	-6	0	-7	3	-8	3	-9	2	-10	1	-11	1	-12	1	-13	0	-14	2	-15	0	-16	2	-17	1	-18	0	-19	1	-20	1	
484	-1	2	-2	3	-3	2	-4	3	-5	3	-6	0	-7	3	-8	0	-9	2	-10	2	-11	1	-12	1	-13	0	-14	2	-15	0	-16	2	-17	1	-18	0	-19	2	-20	2	
485	-1	2	-2	0	-3	2	-4	1	-5	3	-6	0	-7	0	-8	3	-9	2	-10	2	-11	1	-12	0	-13	0	-14	2	-15	0	-16	2	-17	3	-18	0	-19	2	-20	1	
486	-1	2	-2	3	-3	2	-4	3	-5	3	-6	0	-7	3	-8	3	-9	2	-10	2	-11	1	-12	1	-13	0	-14	2	-15	0	-16	2	-17	1	-18	0	-19	2	-20	1	
487	-1	1	-2	0	-3	2	-4	2	-5	2	-6	0	-7	3	-8	3	-9	1	-10	2	-11	1	-12	1	-13	3	-14	2	-15	0	-16	0	-17	1	-18	0	-19	2	-20	1	
488	-1	2	-2	1	-3	0	-4	0	-5	3	-6	0	-7	3	-8	3	-9	2	-10	1	-11	1	-12	1	-13	0	-14	2	-15	0	-16	2	-17	0	-18	0	-19	3	-20	1	
489	-1	2	-2	3	-3	2	-4	0	-5	0	-6	0	-7	3	-8	3	-9	2	-10	3	-11	1	-12	1	-13	0	-14	2	-15	0	-16	2	-17	0	-18	2	-19	2	-20	1	
490	-1	2	-2	3	-3	2	-4	0	-5	0	-6	0	-7	3	-8	3	-9	2	-10	2	-11	1	-12	1	-13	0	-14	2	-15	2	-16	2	-17	1	-18	0	-19	2	-20	1	
491	-1	2	-2	3	-3	2	-4	0	-5	3	-6	3	-7	3	-8	1	-9	0	-10	2	-11	1	-12	1	-13	0	-14	2	-15	0	-16	2	-17	1	-18	0	-19	2	-20	3	
492	-1	2	-2	3	-3	2	-4	0	-5	3	-6	0	-7	2	-8	3	-9	2	-10	2	-11	1	-12	1	-13	0	-14	2	-15	3	-16	2	-17	1	-18	0	-19	0	-20	1	
493	-1	2	-2	3	-3	2	-4	0	-5	3	-6	1	-7	2	-8	3	-9	2	-10	2	-11	1	-12	0	-13	0	-14	2	-15	2	-16	2	-17	1	-18	0	-19	2	-20	1	
494	-1	2	-2	3	-3	2	-4	1	-5	0	-6	0	-7	3	-8	3	-9	2	-10	2	-11	1	-12	1	-13	3	-14	2	-15	0	-16	3	-17	1	-18	2	-19	1	-20	2	
495	-1	2	-2	3	-3	3	-4	0	-5	3	-6	0	-7	3	-8	3	-9	2	-10	2	-11	1	-12	1	-13	1	-14	3	-15	0	-16	2	-17	1	-18	0	-19	2	-20	1	
496	-1	2	-2	3	-3	2	-4	0	-5	2	-6	0	-7	0	-8	3	-9	2	-10	2	-11	1	-12	1	-13	0	-14	2	-15	0	-16	3	-17	1	-18	0	-19	2	-20	1	
497	-1	2	-2	2	-3	2	-4	0	-5	3	-6	0	-7	0	-8	3	-9	2	-10	2	-11	0	-12	1	-13	0	-14	1	-15	0	-16	2	-17	3	-18	0	-19	2	-20	1	
498	-1	0	-2	3	-3	2	-4	2	-5	3	-6	0	-7	3	-8	3	-9	1	-10	2	-11	1	-12	1	-13	0	-14	2	-15	0	-16	0	-17	1	-18	0	-19	2	-20	1	
499	-1	3	-2	2	-3	2	-4	0	-5	3	-6	0	-7	3	-8	0	-9	2	-10	2	-11	1	-12	1	-13	0	-14	2	-15	0	-16	2	-17	1	-18	0	-19	2	-20	1	
